5 3581951 1 1 29.2  8.2   .009999-99.9-99.9-99.9-99.9-9.9-99-9.9-99-99.99-99-99.9-9.9-9.9
5 3581951 1 2 31.3 17.4   .009999-99.9-99.9-99.9-99.9-9.9-99-9.9-99-99.99-99-99.9-9.9-9.9
5 3581951 1 3 30.9 18.3   .009999-99.9-99.9-99.9-99.9-9.9-99-9.9-99-99.99-99-99.9-9.9-9.9
5 3581951 1 4 32.9 20.1  5.219999-99.9-99.9-99.9-99.9-9.9-99-9.9-99-99.99-99-99.9-9.9-9.9
5 3581951 1 5 32.6 18.4   .009999-99.9-99.9-99.9-99.9-9.9-99-9.9-99-99.99-99-99.9-9.9-9.9
5 3581951 1 6 30.4 10.3   .009999-99.9-99.9-99.9-99.9-9.9-99-9.9-99-99.99-99-99.9-9.9-9.9
5 3581951 1 7 29.1 13.8   .009999-99.9-99.9-99.9-99.9-9.9-99-9.9-99-99.99-99-99.9-9.9-9.9
5 3581951 1 8 31.4 16.4   .009999-99.9-99.9-99.9-99.9-9.9-99-9.9-99-99.99-99-99.9-9.9-9.9
5 3581951 1 9 30.6 19.6  8.119999-99.9-99.9-99.9-99.9-9.9-99-9.9-99-99.99-99-99.9-9.9-9.9
5 3581951 110 28.4 16.9  9.219999-99.9-99.9-99.9-99.9-9.9-99-9.9-99-99.99-99-99.9-9.9-9.9
5 3581951 111 28.7 15.7   .009999-99.9-99.9-99.9-99.9-9.9-99-9.9-99-99.99-99-99.9-9.9-9.9
5 3581951 112 30.2 16.6   .009999-99.9-99.9-99.9-99.9-9.9-99-9.9-99-99.99-99-99.9-9.9-9.9
5 3581951 113 30.4 15.2   .009999-99.9-99.9-99.9-99.9-9.9-99-9.9-99-99.99-99-99.9-9.9-9.9
5 3581951 114 34.5 16.3  1.219999-99.9-99.9-99.9-99.9-9.9-99-9.9-99-99.99-99-99.9-9.9-9.9
5 3581951 115 33.0 12.3   .009999-99.9-99.9-99.9-99.9-9.9-99-9.9-99-99.99-99-99.9-9.9-9.9
5 3581951 116 34.5 15.9   .009999-99.9-99.9-99.9-99.9-9.9-99-9.9-99-99.99-99-99.9-9.9-9.9
5 3581951 117 34.2 14.1   .009999-99.9-99.9-99.9-99.9-9.9-99-9.9-99-99.99-99-99.9-9.9-9.9
5 3581951 118 34.8 20.2   .009999-99.9-99.9-99.9-99.9-9.9-99-9.9-99-99.99-99-99.9-9.9-9.9
5 3581951 119 35.4 21.1   .009999-99.9-99.9-99.9-99.9-9.9-99-9.9-99-99.99-99-99.9-9.9-9.9
5 3581951 120 36.2 19.8 26.319999-99.9-99.9-99.9-99.9-9.9-99-9.9-99-99.99-99-99.9-9.9-9.9
5 3581951 121 25.6 13.8   .009999-99.9-99.9-99.9-99.9-9.9-99-9.9-99-99.99-99-99.9-9.9-9.9
5 3581951 122 23.3  9.2 25.919999-99.9-99.9-99.9-99.9-9.9-99-9.9-99-99.99-99-99.9-9.9-9.9
5 3581951 123 18.6 11.8   .009999-99.9-99.9-99.9-99.9-9.9-99-9.9-99-99.99-99-99.9-9.9-9.9
5 3581951 124 24.5 10.5   .009999-99.9-99.9-99.9-99.9-9.9-99-9.9-99-99.99-99-99.9-9.9-9.9
5 3581951 125 26.9 10.0   .009999-99.9-99.9-99.9-99.9-9.9-99-9.9-99-99.99-99-99.9-9.9-9.9
5 3581951 126 30.4 13.8   .009999-99.9-99.9-99.9-99.9-9.9-99-9.9-99-99.99-99-99.9-9.9-9.9
5 3581951 127 31.5 11.8   .009999-99.9-99.9-99.9-99.9-9.9-99-9.9-99-99.99-99-99.9-9.9-9.9
5 3581951 128 30.8 12.8  9.319999-99.9-99.9-99.9-99.9-9.9-99-9.9-99-99.99-99-99.9-9.9-9.9
5 3581951 129 28.6  9.8   .009999-99.9-99.9-99.9-99.9-9.9-99-9.9-99-99.99-99-99.9-9.9-9.9
5 3581951 130 32.4 13.8   .009999-99.9-99.9-99.9-99.9-9.9-99-9.9-99-99.99-99-99.9-9.9-9.9
5 3581951 131 32.3 16.2   .009999-99.9-99.9-99.9-99.9-9.9-99-9.9-99-99.99-99-99.9-9.9-9.9
5 3581951 2 1 24.9 10.4 32.819999-99.9-99.9-99.9-99.9-9.9-99-9.9-99-99.99-99-99.9-9.9-9.9
5 3581951 2 2 29.4 12.8   .009999-99.9-99.9-99.9-99.9-9.9-99-9.9-99-99.99-99-99.9-9.9-9.9
5 3581951 2 3 31.4  9.8   .009999-99.9-99.9-99.9-99.9-9.9-99-9.9-99-99.99-99-99.9-9.9-9.9
5 3581951 2 4 22.3  8.4 27.219999-99.9-99.9-99.9-99.9-9.9-99-9.9-99-99.99-99-99.9-9.9-9.9
5 3581951 2 5 24.2  9.6   .009999-99.9-99.9-99.9-99.9-9.9-99-9.9-99-99.99-99-99.9-9.9-9.9
5 3581951 2 6 25.4 10.0   .009999-99.9-99.9-99.9-99.9-9.9-99-9.9-99-99.99-99-99.9-9.9-9.9
5 3581951 2 7 29.4 12.3   .009999-99.9-99.9-99.9-99.9-9.9-99-9.9-99-99.99-99-99.9-9.9-9.9
5 3581951 2 8 25.2 10.2   .009999-99.9-99.9-99.9-99.9-9.9-99-9.9-99-99.99-99-99.9-9.9-9.9
5 3581951 2 9 26.3 12.6   .009999-99.9-99.9-99.9-99.9-9.9-99-9.9-99-99.99-99-99.9-9.9-9.9
5 3581951 210 27.6  9.6   .009999-99.9-99.9-99.9-99.9-9.9-99-9.9-99-99.99-99-99.9-9.9-9.9
5 3581951 211 28.6 10.0   .009999-99.9-99.9-99.9-99.9-9.9-99-9.9-99-99.99-99-99.9-9.9-9.9
5 3581951 212 32.0 19.3  5.919999-99.9-99.9-99.9-99.9-9.9-99-9.9-99-99.99-99-99.9-9.9-9.9
5 3581951 213 22.0 17.8   .009999-99.9-99.9-99.9-99.9-9.9-99-9.9-99-99.99-99-99.9-9.9-9.9
5 3581951 214 19.9 12.8   .009999-99.9-99.9-99.9-99.9-9.9-99-9.9-99-99.99-99-99.9-9.9-9.9
5 3581951 215 21.9 15.0 27.019999-99.9-99.9-99.9-99.9-9.9-99-9.9-99-99.99-99-99.9-9.9-9.9
5 3581951 216 21.5 10.0   .009999-99.9-99.9-99.9-99.9-9.9-99-9.9-99-99.99-99-99.9-9.9-9.9
5 3581951 217 25.3 13.7   .009999-99.9-99.9-99.9-99.9-9.9-99-9.9-99-99.99-99-99.9-9.9-9.9
5 3581951 218 26.5 11.5   .009999-99.9-99.9-99.9-99.9-9.9-99-9.9-99-99.99-99-99.9-9.9-9.9
5 3581951 219 32.0 11.0   .009999-99.9-99.9-99.9-99.9-9.9-99-9.9-99-99.99-99-99.9-9.9-9.9
5 3581951 220 31.0 16.8   .009999-99.9-99.9-99.9-99.9-9.9-99-9.9-99-99.99-99-99.9-9.9-9.9
5 3581951 221 27.7 14.1   .009999-99.9-99.9-99.9-99.9-9.9-99-9.9-99-99.99-99-99.9-9.9-9.9
5 3581951 222 26.4  9.2   .009999-99.9-99.9-99.9-99.9-9.9-99-9.9-99-99.99-99-99.9-9.9-9.9
5 3581951 223 30.0 13.8 30.219999-99.9-99.9-99.9-99.9-9.9-99-9.9-99-99.99-99-99.9-9.9-9.9
5 3581951 224 21.8  9.8   .009999-99.9-99.9-99.9-99.9-9.9-99-9.9-99-99.99-99-99.9-9.9-9.9
5 3581951 225 22.6 12.4   .009999-99.9-99.9-99.9-99.9-9.9-99-9.9-99-99.99-99-99.9-9.9-9.9
5 3581951 226 23.8  9.5   .009999-99.9-99.9-99.9-99.9-9.9-99-9.9-99-99.99-99-99.9-9.9-9.9
5 3581951 227 23.7  8.8 33.019999-99.9-99.9-99.9-99.9-9.9-99-9.9-99-99.99-99-99.9-9.9-9.9
5 3581951 228 20.6 16.0   .009999-99.9-99.9-99.9-99.9-9.9-99-9.9-99-99.99-99-99.9-9.9-9.9
5 3581951 3 1 25.7  9.8   .009999-99.9-99.9-99.9-99.9-9.9-99-9.9-99-99.99-99-99.9-9.9-9.9
5 3581951 3 2 25.4 10.2   .009999-99.9-99.9-99.9-99.9-9.9-99-9.9-99-99.99-99-99.9-9.9-9.9
5 3581951 3 3 29.4  9.7   .009999-99.9-99.9-99.9-99.9-9.9-99-9.9-99-99.99-99-99.9-9.9-9.9
5 3581951 3 4 21.3 10.0   .009999-99.9-99.9-99.9-99.9-9.9-99-9.9-99-99.99-99-99.9-9.9-9.9
5 3581951 3 5 23.4  6.8   .009999-99.9-99.9-99.9-99.9-9.9-99-9.9-99-99.99-99-99.9-9.9-9.9
5 3581951 3 6 25.6 10.2   .009999-99.9-99.9-99.9-99.9-9.9-99-9.9-99-99.99-99-99.9-9.9-9.9
5 3581951 3 7 29.7 11.0   .009999-99.9-99.9-99.9-99.9-9.9-99-9.9-99-99.99-99-99.9-9.9-9.9
5 3581951 3 8 31.4  9.7   .009999-99.9-99.9-99.9-99.9-9.9-99-9.9-99-99.99-99-99.9-9.9-9.9
5 3581951 3 9 29.4  8.8   .009999-99.9-99.9-99.9-99.9-9.9-99-9.9-99-99.99-99-99.9-9.9-9.9
5 3581951 310 20.4 17.2  4.319999-99.9-99.9-99.9-99.9-9.9-99-9.9-99-99.99-99-99.9-9.9-9.9
5 3581951 311 21.9 10.6   .009999-99.9-99.9-99.9-99.9-9.9-99-9.9-99-99.99-99-99.9-9.9-9.9
5 3581951 312 26.6  4.8   .009999-99.9-99.9-99.9-99.9-9.9-99-9.9-99-99.99-99-99.9-9.9-9.9
5 3581951 313 28.4  9.6   .009999-99.9-99.9-99.9-99.9-9.9-99-9.9-99-99.99-99-99.9-9.9-9.9
5 3581951 314 24.0  6.8   .009999-99.9-99.9-99.9-99.9-9.9-99-9.9-99-99.99-99-99.9-9.9-9.9
5 3581951 315 30.2  9.7   .009999-99.9-99.9-99.9-99.9-9.9-99-9.9-99-99.99-99-99.9-9.9-9.9
5 3581951 316 23.9 14.8 11.319999-99.9-99.9-99.9-99.9-9.9-99-9.9-99-99.99-99-99.9-9.9-9.9
5 3581951 317 23.7 13.8   .009999-99.9-99.9-99.9-99.9-9.9-99-9.9-99-99.99-99-99.9-9.9-9.9
5 3581951 318 25.0 15.0   .009999-99.9-99.9-99.9-99.9-9.9-99-9.9-99-99.99-99-99.9-9.9-9.9
5 3581951 319 30.7 12.0   .009999-99.9-99.9-99.9-99.9-9.9-99-9.9-99-99.99-99-99.9-9.9-9.9
5 3581951 320 29.0 16.2  3.019999-99.9-99.9-99.9-99.9-9.9-99-9.9-99-99.99-99-99.9-9.9-9.9
5 3581951 321 32.0 14.2   .009999-99.9-99.9-99.9-99.9-9.9-99-9.9-99-99.99-99-99.9-9.9-9.9
5 3581951 322 24.0 10.2   .009999-99.9-99.9-99.9-99.9-9.9-99-9.9-99-99.99-99-99.9-9.9-9.9
5 3581951 323 28.8  9.8 12.519999-99.9-99.9-99.9-99.9-9.9-99-9.9-99-99.99-99-99.9-9.9-9.9
5 3581951 324 26.0  9.5   .009999-99.9-99.9-99.9-99.9-9.9-99-9.9-99-99.99-99-99.9-9.9-9.9
5 3581951 325 26.0  9.7   .009999-99.9-99.9-99.9-99.9-9.9-99-9.9-99-99.99-99-99.9-9.9-9.9
5 3581951 326 23.6  9.0   .009999-99.9-99.9-99.9-99.9-9.9-99-9.9-99-99.99-99-99.9-9.9-9.9
5 3581951 327 23.0  8.2   .009999-99.9-99.9-99.9-99.9-9.9-99-9.9-99-99.99-99-99.9-9.9-9.9
5 3581951 328 26.6  9.8   .009999-99.9-99.9-99.9-99.9-9.9-99-9.9-99-99.99-99-99.9-9.9-9.9
5 3581951 329 26.2  8.3   .009999-99.9-99.9-99.9-99.9-9.9-99-9.9-99-99.99-99-99.9-9.9-9.9
5 3581951 330 24.0  5.2  1.019999-99.9-99.9-99.9-99.9-9.9-99-9.9-99-99.99-99-99.9-9.9-9.9
5 3581951 331 26.0  6.8   .009999-99.9-99.9-99.9-99.9-9.9-99-9.9-99-99.99-99-99.9-9.9-9.9
5 3581951 4 1 19.0  5.2   .009999-99.9-99.9-99.9-99.9-9.9-99-9.9-99-99.99-99-99.9-9.9-9.9
5 3581951 4 2 18.8  2.8   .009999-99.9-99.9-99.9-99.9-9.9-99-9.9-99-99.99-99-99.9-9.9-9.9
5 3581951 4 3 19.0  3.8   .009999-99.9-99.9-99.9-99.9-9.9-99-9.9-99-99.99-99-99.9-9.9-9.9
5 3581951 4 4 21.6  1.8   .009999-99.9-99.9-99.9-99.9-9.9-99-9.9-99-99.99-99-99.9-9.9-9.9
5 3581951 4 5 24.0  1.7   .009999-99.9-99.9-99.9-99.9-9.9-99-9.9-99-99.99-99-99.9-9.9-9.9
5 3581951 4 6 22.0  2.2   .009999-99.9-99.9-99.9-99.9-9.9-99-9.9-99-99.99-99-99.9-9.9-9.9
5 3581951 4 7 23.7  2.3   .009999-99.9-99.9-99.9-99.9-9.9-99-9.9-99-99.99-99-99.9-9.9-9.9
5 3581951 4 8 27.8 16.3   .009999-99.9-99.9-99.9-99.9-9.9-99-9.9-99-99.99-99-99.9-9.9-9.9
5 3581951 4 9 30.0 17.1   .009999-99.9-99.9-99.9-99.9-9.9-99-9.9-99-99.99-99-99.9-9.9-9.9
5 3581951 410 20.0 18.7 35.019999-99.9-99.9-99.9-99.9-9.9-99-9.9-99-99.99-99-99.9-9.9-9.9
5 3581951 411 16.0 10.2  8.619999-99.9-99.9-99.9-99.9-9.9-99-9.9-99-99.99-99-99.9-9.9-9.9
5 3581951 412 18.0 11.0   .009999-99.9-99.9-99.9-99.9-9.9-99-9.9-99-99.99-99-99.9-9.9-9.9
5 3581951 413 17.9  6.0   .009999-99.9-99.9-99.9-99.9-9.9-99-9.9-99-99.99-99-99.9-9.9-9.9
5 3581951 414 19.8  3.8   .009999-99.9-99.9-99.9-99.9-9.9-99-9.9-99-99.99-99-99.9-9.9-9.9
5 3581951 415 21.0  5.0   .009999-99.9-99.9-99.9-99.9-9.9-99-9.9-99-99.99-99-99.9-9.9-9.9
5 3581951 416 21.6  4.6   .009999-99.9-99.9-99.9-99.9-9.9-99-9.9-99-99.99-99-99.9-9.9-9.9
5 3581951 417 21.7  9.8   .009999-99.9-99.9-99.9-99.9-9.9-99-9.9-99-99.99-99-99.9-9.9-9.9
5 3581951 418 21.6  6.2   .009999-99.9-99.9-99.9-99.9-9.9-99-9.9-99-99.99-99-99.9-9.9-9.9
5 3581951 419 21.7  7.4   .009999-99.9-99.9-99.9-99.9-9.9-99-9.9-99-99.99-99-99.9-9.9-9.9
5 3581951 420 21.6  6.7   .009999-99.9-99.9-99.9-99.9-9.9-99-9.9-99-99.99-99-99.9-9.9-9.9
5 3581951 421 19.0  4.8   .009999-99.9-99.9-99.9-99.9-9.9-99-9.9-99-99.99-99-99.9-9.9-9.9
5 3581951 422 21.0  5.8   .009999-99.9-99.9-99.9-99.9-9.9-99-9.9-99-99.99-99-99.9-9.9-9.9
5 3581951 423 20.7 12.2   .009999-99.9-99.9-99.9-99.9-9.9-99-9.9-99-99.99-99-99.9-9.9-9.9
5 3581951 424 21.8 11.9   .009999-99.9-99.9-99.9-99.9-9.9-99-9.9-99-99.99-99-99.9-9.9-9.9
5 3581951 425 19.2  7.1   .009999-99.9-99.9-99.9-99.9-9.9-99-9.9-99-99.99-99-99.9-9.9-9.9
5 3581951 426 22.6 12.2   .009999-99.9-99.9-99.9-99.9-9.9-99-9.9-99-99.99-99-99.9-9.9-9.9
5 3581951 427 22.6 13.8   .009999-99.9-99.9-99.9-99.9-9.9-99-9.9-99-99.99-99-99.9-9.9-9.9
5 3581951 428 25.9 10.2   .009999-99.9-99.9-99.9-99.9-9.9-99-9.9-99-99.99-99-99.9-9.9-9.9
5 3581951 429 26.8  7.8   .009999-99.9-99.9-99.9-99.9-9.9-99-9.9-99-99.99-99-99.9-9.9-9.9
5 3581951 430 19.3 12.0   .009999-99.9-99.9-99.9-99.9-9.9-99-9.9-99-99.99-99-99.9-9.9-9.9
5 3581951 5 1 24.8  9.0   .009999-99.9-99.9-99.9-99.9-9.9-99-9.9-99-99.99-99-99.9-9.9-9.9
5 3581951 5 2 27.0  9.8   .009999-99.9-99.9-99.9-99.9-9.9-99-9.9-99-99.99-99-99.9-9.9-9.9
5 3581951 5 3 25.9 16.7   .009999-99.9-99.9-99.9-99.9-9.9-99-9.9-99-99.99-99-99.9-9.9-9.9
5 3581951 5 4 28.6 16.0   .009999-99.9-99.9-99.9-99.9-9.9-99-9.9-99-99.99-99-99.9-9.9-9.9
5 3581951 5 5 28.0 12.8   .009999-99.9-99.9-99.9-99.9-9.9-99-9.9-99-99.99-99-99.9-9.9-9.9
5 3581951 5 6 28.5 12.2 34.019999-99.9-99.9-99.9-99.9-9.9-99-9.9-99-99.99-99-99.9-9.9-9.9
5 3581951 5 7 19.5 15.2 41.019999-99.9-99.9-99.9-99.9-9.9-99-9.9-99-99.99-99-99.9-9.9-9.9
5 3581951 5 8 17.5 10.5 53.019999-99.9-99.9-99.9-99.9-9.9-99-9.9-99-99.99-99-99.9-9.9-9.9
5 3581951 5 9 19.6 12.6  2.819999-99.9-99.9-99.9-99.9-9.9-99-9.9-99-99.99-99-99.9-9.9-9.9
5 3581951 510 20.4 15.1 40.119999-99.9-99.9-99.9-99.9-9.9-99-9.9-99-99.99-99-99.9-9.9-9.9
5 3581951 511 21.4 16.8   .009999-99.9-99.9-99.9-99.9-9.9-99-9.9-99-99.99-99-99.9-9.9-9.9
5 3581951 512 27.3 17.1   .009999-99.9-99.9-99.9-99.9-9.9-99-9.9-99-99.99-99-99.9-9.9-9.9
5 3581951 513 26.7  9.8   .009999-99.9-99.9-99.9-99.9-9.9-99-9.9-99-99.99-99-99.9-9.9-9.9
5 3581951 514 16.4 13.1 54.019999-99.9-99.9-99.9-99.9-9.9-99-9.9-99-99.99-99-99.9-9.9-9.9
5 3581951 515 15.9 12.0   .009999-99.9-99.9-99.9-99.9-9.9-99-9.9-99-99.99-99-99.9-9.9-9.9
5 3581951 516 15.9 10.8  6.819999-99.9-99.9-99.9-99.9-9.9-99-9.9-99-99.99-99-99.9-9.9-9.9
5 3581951 517 16.9 12.1   .009999-99.9-99.9-99.9-99.9-9.9-99-9.9-99-99.99-99-99.9-9.9-9.9
5 3581951 518 17.8 10.0   .009999-99.9-99.9-99.9-99.9-9.9-99-9.9-99-99.99-99-99.9-9.9-9.9
5 3581951 519 19.0  7.2   .009999-99.9-99.9-99.9-99.9-9.9-99-9.9-99-99.99-99-99.9-9.9-9.9
5 3581951 520 18.0  4.8   .009999-99.9-99.9-99.9-99.9-9.9-99-9.9-99-99.99-99-99.9-9.9-9.9
5 3581951 521 18.8  6.5   .009999-99.9-99.9-99.9-99.9-9.9-99-9.9-99-99.99-99-99.9-9.9-9.9
5 3581951 522 21.4  8.4   .009999-99.9-99.9-99.9-99.9-9.9-99-9.9-99-99.99-99-99.9-9.9-9.9
5 3581951 523 19.4 13.1 11.219999-99.9-99.9-99.9-99.9-9.9-99-9.9-99-99.99-99-99.9-9.9-9.9
5 3581951 524 16.9  7.8   .009999-99.9-99.9-99.9-99.9-9.9-99-9.9-99-99.99-99-99.9-9.9-9.9
5 3581951 525 17.0  3.8   .009999-99.9-99.9-99.9-99.9-9.9-99-9.9-99-99.99-99-99.9-9.9-9.9
5 3581951 526 12.4  1.8   .009999-99.9-99.9-99.9-99.9-9.9-99-9.9-99-99.99-99-99.9-9.9-9.9
5 3581951 527 14.0   .3   .009999-99.9-99.9-99.9-99.9-9.9-99-9.9-99-99.99-99-99.9-9.9-9.9
5 3581951 528 14.9  7.6   .009999-99.9-99.9-99.9-99.9-9.9-99-9.9-99-99.99-99-99.9-9.9-9.9
5 3581951 529 15.1  3.4   .009999-99.9-99.9-99.9-99.9-9.9-99-9.9-99-99.99-99-99.9-9.9-9.9
5 3581951 530 15.2  1.5   .009999-99.9-99.9-99.9-99.9-9.9-99-9.9-99-99.99-99-99.9-9.9-9.9
5 3581951 531 15.2  4.9   .009999-99.9-99.9-99.9-99.9-9.9-99-9.9-99-99.99-99-99.9-9.9-9.9
5 3581951 6 1 18.3  6.4   .009999-99.9-99.9-99.9-99.9-9.9-99-9.9-99-99.99-99-99.9-9.9-9.9
5 3581951 6 2 18.0  5.0   .009999-99.9-99.9-99.9-99.9-9.9-99-9.9-99-99.99-99-99.9-9.9-9.9
5 3581951 6 3 19.5  6.8   .009999-99.9-99.9-99.9-99.9-9.9-99-9.9-99-99.99-99-99.9-9.9-9.9
5 3581951 6 4 17.3 11.0   .009999-99.9-99.9-99.9-99.9-9.9-99-9.9-99-99.99-99-99.9-9.9-9.9
5 3581951 6 5 17.2  7.6   .009999-99.9-99.9-99.9-99.9-9.9-99-9.9-99-99.99-99-99.9-9.9-9.9
5 3581951 6 6 14.0  -.7   .009999-99.9-99.9-99.9-99.9-9.9-99-9.9-99-99.99-99-99.9-9.9-9.9
5 3581951 6 7 16.8  5.3   .009999-99.9-99.9-99.9-99.9-9.9-99-9.9-99-99.99-99-99.9-9.9-9.9
5 3581951 6 8 17.2  5.3   .009999-99.9-99.9-99.9-99.9-9.9-99-9.9-99-99.99-99-99.9-9.9-9.9
5 3581951 6 9 17.8  3.8   .009999-99.9-99.9-99.9-99.9-9.9-99-9.9-99-99.99-99-99.9-9.9-9.9
5 3581951 610 18.6 12.8  2.019999-99.9-99.9-99.9-99.9-9.9-99-9.9-99-99.99-99-99.9-9.9-9.9
5 3581951 611 23.7 14.0   .009999-99.9-99.9-99.9-99.9-9.9-99-9.9-99-99.99-99-99.9-9.9-9.9
5 3581951 612 26.6 16.2   .009999-99.9-99.9-99.9-99.9-9.9-99-9.9-99-99.99-99-99.9-9.9-9.9
5 3581951 613 27.0 19.5   .009999-99.9-99.9-99.9-99.9-9.9-99-9.9-99-99.99-99-99.9-9.9-9.9
5 3581951 614 27.9 20.4   .009999-99.9-99.9-99.9-99.9-9.9-99-9.9-99-99.99-99-99.9-9.9-9.9
5 3581951 615 21.5 11.0   .009999-99.9-99.9-99.9-99.9-9.9-99-9.9-99-99.99-99-99.9-9.9-9.9
5 3581951 616 15.0  3.8   .009999-99.9-99.9-99.9-99.9-9.9-99-9.9-99-99.99-99-99.9-9.9-9.9
5 3581951 617 20.0  9.8   .009999-99.9-99.9-99.9-99.9-9.9-99-9.9-99-99.99-99-99.9-9.9-9.9
5 3581951 618 24.3 12.5   .009999-99.9-99.9-99.9-99.9-9.9-99-9.9-99-99.99-99-99.9-9.9-9.9
5 3581951 619 22.4 11.2   .009999-99.9-99.9-99.9-99.9-9.9-99-9.9-99-99.99-99-99.9-9.9-9.9
5 3581951 620 24.0 13.8   .009999-99.9-99.9-99.9-99.9-9.9-99-9.9-99-99.99-99-99.9-9.9-9.9
5 3581951 621 22.0 15.3 23.219999-99.9-99.9-99.9-99.9-9.9-99-9.9-99-99.99-99-99.9-9.9-9.9
5 3581951 622 17.6 10.7   .009999-99.9-99.9-99.9-99.9-9.9-99-9.9-99-99.99-99-99.9-9.9-9.9
5 3581951 623 14.9  8.8  2.019999-99.9-99.9-99.9-99.9-9.9-99-9.9-99-99.99-99-99.9-9.9-9.9
5 3581951 624 17.7 11.8   .009999-99.9-99.9-99.9-99.9-9.9-99-9.9-99-99.99-99-99.9-9.9-9.9
5 3581951 625  8.1  1.4   .009999-99.9-99.9-99.9-99.9-9.9-99-9.9-99-99.99-99-99.9-9.9-9.9
5 3581951 626  8.2 -1.5   .009999-99.9-99.9-99.9-99.9-9.9-99-9.9-99-99.99-99-99.9-9.9-9.9
5 3581951 627  9.9 -4.7   .009999-99.9-99.9-99.9-99.9-9.9-99-9.9-99-99.99-99-99.9-9.9-9.9
5 3581951 628 12.0 -1.4   .009999-99.9-99.9-99.9-99.9-9.9-99-9.9-99-99.99-99-99.9-9.9-9.9
5 3581951 629 10.9  3.4   .009999-99.9-99.9-99.9-99.9-9.9-99-9.9-99-99.99-99-99.9-9.9-9.9
5 3581951 630 10.9 -4.5   .009999-99.9-99.9-99.9-99.9-9.9-99-9.9-99-99.99-99-99.9-9.9-9.9
5 3581951 7 1 10.5  2.8   .009999-99.9-99.9-99.9-99.9-9.9-99-9.9-99-99.99-99-99.9-9.9-9.9
5 3581951 7 2 17.4 -1.4   .009999-99.9-99.9-99.9-99.9-9.9-99-9.9-99-99.99-99-99.9-9.9-9.9
5 3581951 7 3 14.4  4.5   .009999-99.9-99.9-99.9-99.9-9.9-99-9.9-99-99.99-99-99.9-9.9-9.9
5 3581951 7 4 16.4   .5   .009999-99.9-99.9-99.9-99.9-9.9-99-9.9-99-99.99-99-99.9-9.9-9.9
5 3581951 7 5 12.2   .5   .009999-99.9-99.9-99.9-99.9-9.9-99-9.9-99-99.99-99-99.9-9.9-9.9
5 3581951 7 6 11.0 -2.4   .009999-99.9-99.9-99.9-99.9-9.9-99-9.9-99-99.99-99-99.9-9.9-9.9
5 3581951 7 7 13.0 -1.2   .009999-99.9-99.9-99.9-99.9-9.9-99-9.9-99-99.99-99-99.9-9.9-9.9
5 3581951 7 8 12.6  4.8   .009999-99.9-99.9-99.9-99.9-9.9-99-9.9-99-99.99-99-99.9-9.9-9.9
5 3581951 7 9 15.6  4.2   .009999-99.9-99.9-99.9-99.9-9.9-99-9.9-99-99.99-99-99.9-9.9-9.9
5 3581951 710 17.3  4.6   .009999-99.9-99.9-99.9-99.9-9.9-99-9.9-99-99.99-99-99.9-9.9-9.9
5 3581951 711 17.6  3.4   .009999-99.9-99.9-99.9-99.9-9.9-99-9.9-99-99.99-99-99.9-9.9-9.9
5 3581951 712 20.3  5.9   .009999-99.9-99.9-99.9-99.9-9.9-99-9.9-99-99.99-99-99.9-9.9-9.9
5 3581951 713 20.7  8.3   .009999-99.9-99.9-99.9-99.9-9.9-99-9.9-99-99.99-99-99.9-9.9-9.9
5 3581951 714 25.0 10.0   .009999-99.9-99.9-99.9-99.9-9.9-99-9.9-99-99.99-99-99.9-9.9-9.9
5 3581951 715 19.1  7.8   .009999-99.9-99.9-99.9-99.9-9.9-99-9.9-99-99.99-99-99.9-9.9-9.9
5 3581951 716 16.2  5.4   .009999-99.9-99.9-99.9-99.9-9.9-99-9.9-99-99.99-99-99.9-9.9-9.9
5 3581951 717 24.4  8.3   .009999-99.9-99.9-99.9-99.9-9.9-99-9.9-99-99.99-99-99.9-9.9-9.9
5 3581951 718 24.3 12.8   .009999-99.9-99.9-99.9-99.9-9.9-99-9.9-99-99.99-99-99.9-9.9-9.9
5 3581951 719 23.2 11.8   .009999-99.9-99.9-99.9-99.9-9.9-99-9.9-99-99.99-99-99.9-9.9-9.9
5 3581951 720 16.0  8.5   .009999-99.9-99.9-99.9-99.9-9.9-99-9.9-99-99.99-99-99.9-9.9-9.9
5 3581951 721 15.4  6.8   .009999-99.9-99.9-99.9-99.9-9.9-99-9.9-99-99.99-99-99.9-9.9-9.9
5 3581951 722 14.0  4.8   .009999-99.9-99.9-99.9-99.9-9.9-99-9.9-99-99.99-99-99.9-9.9-9.9
5 3581951 723 14.4  3.2   .009999-99.9-99.9-99.9-99.9-9.9-99-9.9-99-99.99-99-99.9-9.9-9.9
5 3581951 724 24.6  9.1   .009999-99.9-99.9-99.9-99.9-9.9-99-9.9-99-99.99-99-99.9-9.9-9.9
5 3581951 725 27.8 13.6   .009999-99.9-99.9-99.9-99.9-9.9-99-9.9-99-99.99-99-99.9-9.9-9.9
5 3581951 726 25.3 13.5   .009999-99.9-99.9-99.9-99.9-9.9-99-9.9-99-99.99-99-99.9-9.9-9.9
5 3581951 727 24.8 11.0   .009999-99.9-99.9-99.9-99.9-9.9-99-9.9-99-99.99-99-99.9-9.9-9.9
5 3581951 728 27.5  9.8   .009999-99.9-99.9-99.9-99.9-9.9-99-9.9-99-99.99-99-99.9-9.9-9.9
5 3581951 729 22.2 10.2  1.419999-99.9-99.9-99.9-99.9-9.9-99-9.9-99-99.99-99-99.9-9.9-9.9
5 3581951 730 12.9  8.4   .009999-99.9-99.9-99.9-99.9-9.9-99-9.9-99-99.99-99-99.9-9.9-9.9
5 3581951 731 17.2 -1.2   .009999-99.9-99.9-99.9-99.9-9.9-99-9.9-99-99.99-99-99.9-9.9-9.9
5 3581951 8 1 16.0 11.5 43.019999-99.9-99.9-99.9-99.9-9.9-99-9.9-99-99.99-99-99.9-9.9-9.9
5 3581951 8 2  9.0  6.4   .009999-99.9-99.9-99.9-99.9-9.9-99-9.9-99-99.99-99-99.9-9.9-9.9
5 3581951 8 3 10.5 -1.3   .009999-99.9-99.9-99.9-99.9-9.9-99-9.9-99-99.99-99-99.9-9.9-9.9
5 3581951 8 4 11.0  1.0   .009999-99.9-99.9-99.9-99.9-9.9-99-9.9-99-99.99-99-99.9-9.9-9.9
5 3581951 8 5 14.4 -1.2   .009999-99.9-99.9-99.9-99.9-9.9-99-9.9-99-99.99-99-99.9-9.9-9.9
5 3581951 8 6 17.9  4.5   .009999-99.9-99.9-99.9-99.9-9.9-99-9.9-99-99.99-99-99.9-9.9-9.9
5 3581951 8 7 24.6  5.6   .009999-99.9-99.9-99.9-99.9-9.9-99-9.9-99-99.99-99-99.9-9.9-9.9
5 3581951 8 8 24.9 14.9   .009999-99.9-99.9-99.9-99.9-9.9-99-9.9-99-99.99-99-99.9-9.9-9.9
5 3581951 8 9 18.4 12.6   .009999-99.9-99.9-99.9-99.9-9.9-99-9.9-99-99.99-99-99.9-9.9-9.9
5 3581951 810 21.2 11.5   .009999-99.9-99.9-99.9-99.9-9.9-99-9.9-99-99.99-99-99.9-9.9-9.9
5 3581951 811 26.0 14.5   .009999-99.9-99.9-99.9-99.9-9.9-99-9.9-99-99.99-99-99.9-9.9-9.9
5 3581951 812 26.6  9.8   .009999-99.9-99.9-99.9-99.9-9.9-99-9.9-99-99.99-99-99.9-9.9-9.9
5 3581951 813 17.0 10.1 26.019999-99.9-99.9-99.9-99.9-9.9-99-9.9-99-99.99-99-99.9-9.9-9.9
5 3581951 814 11.4  6.0   .009999-99.9-99.9-99.9-99.9-9.9-99-9.9-99-99.99-99-99.9-9.9-9.9
5 3581951 815 14.3  -.4   .009999-99.9-99.9-99.9-99.9-9.9-99-9.9-99-99.99-99-99.9-9.9-9.9
5 3581951 816 17.4  3.6   .009999-99.9-99.9-99.9-99.9-9.9-99-9.9-99-99.99-99-99.9-9.9-9.9
5 3581951 817 20.2  3.8   .009999-99.9-99.9-99.9-99.9-9.9-99-9.9-99-99.99-99-99.9-9.9-9.9
5 3581951 818 16.6  9.5  3.019999-99.9-99.9-99.9-99.9-9.9-99-9.9-99-99.99-99-99.9-9.9-9.9
5 3581951 819 17.4  3.6   .009999-99.9-99.9-99.9-99.9-9.9-99-9.9-99-99.99-99-99.9-9.9-9.9
5 3581951 820 20.2  3.8   .009999-99.9-99.9-99.9-99.9-9.9-99-9.9-99-99.99-99-99.9-9.9-9.9
5 3581951 821 16.6  9.5   .009999-99.9-99.9-99.9-99.9-9.9-99-9.9-99-99.99-99-99.9-9.9-9.9
5 3581951 822 22.6  7.8   .009999-99.9-99.9-99.9-99.9-9.9-99-9.9-99-99.99-99-99.9-9.9-9.9
5 3581951 823 25.0  6.8   .009999-99.9-99.9-99.9-99.9-9.9-99-9.9-99-99.99-99-99.9-9.9-9.9
5 3581951 824 25.3 13.2   .009999-99.9-99.9-99.9-99.9-9.9-99-9.9-99-99.99-99-99.9-9.9-9.9
5 3581951 825 21.8  9.8   .009999-99.9-99.9-99.9-99.9-9.9-99-9.9-99-99.99-99-99.9-9.9-9.9
5 3581951 826 11.0  9.0 16.019999-99.9-99.9-99.9-99.9-9.9-99-9.9-99-99.99-99-99.9-9.9-9.9
5 3581951 827  9.3  6.1   .009999-99.9-99.9-99.9-99.9-9.9-99-9.9-99-99.99-99-99.9-9.9-9.9
5 3581951 828 14.4 -2.7   .009999-99.9-99.9-99.9-99.9-9.9-99-9.9-99-99.99-99-99.9-9.9-9.9
5 3581951 829 13.8  4.2   .009999-99.9-99.9-99.9-99.9-9.9-99-9.9-99-99.99-99-99.9-9.9-9.9
5 3581951 830 21.0  3.8   .009999-99.9-99.9-99.9-99.9-9.9-99-9.9-99-99.99-99-99.9-9.9-9.9
5 3581951 831 22.3  8.5   .009999-99.9-99.9-99.9-99.9-9.9-99-9.9-99-99.99-99-99.9-9.9-9.9
5 3581951 9 1 23.0  9.6   .009999-99.9-99.9-99.9-99.9-9.9-99-9.9-99-99.99-99-99.9-9.9-9.9
5 3581951 9 2 26.8  9.8   .009999-99.9-99.9-99.9-99.9-9.9-99-9.9-99-99.99-99-99.9-9.9-9.9
5 3581951 9 3 23.5  6.2   .009999-99.9-99.9-99.9-99.9-9.9-99-9.9-99-99.99-99-99.9-9.9-9.9
5 3581951 9 4 18.4 14.0   .009999-99.9-99.9-99.9-99.9-9.9-99-9.9-99-99.99-99-99.9-9.9-9.9
5 3581951 9 5 20.0 14.6   .009999-99.9-99.9-99.9-99.9-9.9-99-9.9-99-99.99-99-99.9-9.9-9.9
5 3581951 9 6 16.5   .1   .009999-99.9-99.9-99.9-99.9-9.9-99-9.9-99-99.99-99-99.9-9.9-9.9
5 3581951 9 7 20.9  2.1   .009999-99.9-99.9-99.9-99.9-9.9-99-9.9-99-99.99-99-99.9-9.9-9.9
5 3581951 9 8 25.8  9.6   .009999-99.9-99.9-99.9-99.9-9.9-99-9.9-99-99.99-99-99.9-9.9-9.9
5 3581951 9 9 30.9  9.8   .009999-99.9-99.9-99.9-99.9-9.9-99-9.9-99-99.99-99-99.9-9.9-9.9
5 3581951 910 15.2 11.1 16.019999-99.9-99.9-99.9-99.9-9.9-99-9.9-99-99.99-99-99.9-9.9-9.9
5 3581951 911 14.0  9.3   .009999-99.9-99.9-99.9-99.9-9.9-99-9.9-99-99.99-99-99.9-9.9-9.9
5 3581951 912 14.0  9.1   .009999-99.9-99.9-99.9-99.9-9.9-99-9.9-99-99.99-99-99.9-9.9-9.9
5 3581951 913 15.2  3.5   .009999-99.9-99.9-99.9-99.9-9.9-99-9.9-99-99.99-99-99.9-9.9-9.9
5 3581951 914 10.9  1.4   .009999-99.9-99.9-99.9-99.9-9.9-99-9.9-99-99.99-99-99.9-9.9-9.9
5 3581951 915 12.9  8.0   .009999-99.9-99.9-99.9-99.9-9.9-99-9.9-99-99.99-99-99.9-9.9-9.9
5 3581951 916 15.2   .8   .009999-99.9-99.9-99.9-99.9-9.9-99-9.9-99-99.99-99-99.9-9.9-9.9
5 3581951 917 13.5  1.8   .009999-99.9-99.9-99.9-99.9-9.9-99-9.9-99-99.99-99-99.9-9.9-9.9
5 3581951 918 16.0 -2.4   .009999-99.9-99.9-99.9-99.9-9.9-99-9.9-99-99.99-99-99.9-9.9-9.9
5 3581951 919 19.5  2.5   .009999-99.9-99.9-99.9-99.9-9.9-99-9.9-99-99.99-99-99.9-9.9-9.9
5 3581951 920 22.0  5.2   .009999-99.9-99.9-99.9-99.9-9.9-99-9.9-99-99.99-99-99.9-9.9-9.9
5 3581951 921 25.0  8.1   .009999-99.9-99.9-99.9-99.9-9.9-99-9.9-99-99.99-99-99.9-9.9-9.9
5 3581951 922 31.8  7.8   .009999-99.9-99.9-99.9-99.9-9.9-99-9.9-99-99.99-99-99.9-9.9-9.9
5 3581951 923 21.0  9.8   .009999-99.9-99.9-99.9-99.9-9.9-99-9.9-99-99.99-99-99.9-9.9-9.9
5 3581951 924 20.8 10.6   .009999-99.9-99.9-99.9-99.9-9.9-99-9.9-99-99.99-99-99.9-9.9-9.9
5 3581951 925 18.0  3.5   .009999-99.9-99.9-99.9-99.9-9.9-99-9.9-99-99.99-99-99.9-9.9-9.9
5 3581951 926 20.8 10.8  4.019999-99.9-99.9-99.9-99.9-9.9-99-9.9-99-99.99-99-99.9-9.9-9.9
5 3581951 927 15.5  5.8  5.319999-99.9-99.9-99.9-99.9-9.9-99-9.9-99-99.99-99-99.9-9.9-9.9
5 3581951 928 21.4 10.2   .009999-99.9-99.9-99.9-99.9-9.9-99-9.9-99-99.99-99-99.9-9.9-9.9
5 3581951 929 11.9  4.8   .009999-99.9-99.9-99.9-99.9-9.9-99-9.9-99-99.99-99-99.9-9.9-9.9
5 3581951 930 15.3  3.8   .009999-99.9-99.9-99.9-99.9-9.9-99-9.9-99-99.99-99-99.9-9.9-9.9
5 358195110 1 14.6  1.9   .009999-99.9-99.9-99.9-99.9-9.9-99-9.9-99-99.99-99-99.9-9.9-9.9
5 358195110 2 16.7  5.0   .009999-99.9-99.9-99.9-99.9-9.9-99-9.9-99-99.99-99-99.9-9.9-9.9
5 358195110 3 19.5 10.5  3.519999-99.9-99.9-99.9-99.9-9.9-99-9.9-99-99.99-99-99.9-9.9-9.9
5 358195110 4 17.0 13.2 24.519999-99.9-99.9-99.9-99.9-9.9-99-9.9-99-99.99-99-99.9-9.9-9.9
5 358195110 5 15.0 11.0   .009999-99.9-99.9-99.9-99.9-9.9-99-9.9-99-99.99-99-99.9-9.9-9.9
5 358195110 6 18.2  9.8   .009999-99.9-99.9-99.9-99.9-9.9-99-9.9-99-99.99-99-99.9-9.9-9.9
5 358195110 7 16.9  9.5   .009999-99.9-99.9-99.9-99.9-9.9-99-9.9-99-99.99-99-99.9-9.9-9.9
5 358195110 8 23.9  2.5   .009999-99.9-99.9-99.9-99.9-9.9-99-9.9-99-99.99-99-99.9-9.9-9.9
5 358195110 9 21.0 11.7   .009999-99.9-99.9-99.9-99.9-9.9-99-9.9-99-99.99-99-99.9-9.9-9.9
5 35819511010 15.0  4.7   .009999-99.9-99.9-99.9-99.9-9.9-99-9.9-99-99.99-99-99.9-9.9-9.9
5 35819511011 19.0 10.7  3.019999-99.9-99.9-99.9-99.9-9.9-99-9.9-99-99.99-99-99.9-9.9-9.9
5 35819511012 23.5  7.8   .009999-99.9-99.9-99.9-99.9-9.9-99-9.9-99-99.99-99-99.9-9.9-9.9
5 35819511013 20.9  9.8   .009999-99.9-99.9-99.9-99.9-9.9-99-9.9-99-99.99-99-99.9-9.9-9.9
5 35819511014 24.0 10.8   .009999-99.9-99.9-99.9-99.9-9.9-99-9.9-99-99.99-99-99.9-9.9-9.9
5 35819511015 25.4  9.3   .219999-99.9-99.9-99.9-99.9-9.9-99-9.9-99-99.99-99-99.9-9.9-9.9
5 35819511016 25.9 12.6   .009999-99.9-99.9-99.9-99.9-9.9-99-9.9-99-99.99-99-99.9-9.9-9.9
5 35819511017 20.8  9.8   .009999-99.9-99.9-99.9-99.9-9.9-99-9.9-99-99.99-99-99.9-9.9-9.9
5 35819511018 14.2  9.5   .009999-99.9-99.9-99.9-99.9-9.9-99-9.9-99-99.99-99-99.9-9.9-9.9
5 35819511019 14.0  1.5   .009999-99.9-99.9-99.9-99.9-9.9-99-9.9-99-99.99-99-99.9-9.9-9.9
5 35819511020 16.0  7.8   .009999-99.9-99.9-99.9-99.9-9.9-99-9.9-99-99.99-99-99.9-9.9-9.9
5 35819511021 21.0  7.2   .009999-99.9-99.9-99.9-99.9-9.9-99-9.9-99-99.99-99-99.9-9.9-9.9
5 35819511022 29.4  8.6   .009999-99.9-99.9-99.9-99.9-9.9-99-9.9-99-99.99-99-99.9-9.9-9.9
5 35819511023 29.4 13.6   .009999-99.9-99.9-99.9-99.9-9.9-99-9.9-99-99.99-99-99.9-9.9-9.9
5 35819511024 23.6 15.8   .009999-99.9-99.9-99.9-99.9-9.9-99-9.9-99-99.99-99-99.9-9.9-9.9
5 35819511025 23.8  8.3   .009999-99.9-99.9-99.9-99.9-9.9-99-9.9-99-99.99-99-99.9-9.9-9.9
5 35819511026 27.2  5.0   .009999-99.9-99.9-99.9-99.9-9.9-99-9.9-99-99.99-99-99.9-9.9-9.9
5 35819511027 22.4  7.0  1.519999-99.9-99.9-99.9-99.9-9.9-99-9.9-99-99.99-99-99.9-9.9-9.9
5 35819511028 26.0 10.0   .009999-99.9-99.9-99.9-99.9-9.9-99-9.9-99-99.99-99-99.9-9.9-9.9
5 35819511029 28.0  7.0   .009999-99.9-99.9-99.9-99.9-9.9-99-9.9-99-99.99-99-99.9-9.9-9.9
5 35819511030 29.8 14.6  4.319999-99.9-99.9-99.9-99.9-9.9-99-9.9-99-99.99-99-99.9-9.9-9.9
5 35819511031 28.8 12.8   .009999-99.9-99.9-99.9-99.9-9.9-99-9.9-99-99.99-99-99.9-9.9-9.9
5 358195111 1 33.5  7.2   .009999-99.9-99.9-99.9-99.9-9.9-99-9.9-99-99.99-99-99.9-9.9-9.9
5 358195111 2 26.0 19.3 40.219999-99.9-99.9-99.9-99.9-9.9-99-9.9-99-99.99-99-99.9-9.9-9.9
5 358195111 3 20.4 14.7   .009999-99.9-99.9-99.9-99.9-9.9-99-9.9-99-99.99-99-99.9-9.9-9.9
5 358195111 4 24.0 11.8   .009999-99.9-99.9-99.9-99.9-9.9-99-9.9-99-99.99-99-99.9-9.9-9.9
5 358195111 5 26.0 10.2   .009999-99.9-99.9-99.9-99.9-9.9-99-9.9-99-99.99-99-99.9-9.9-9.9
5 358195111 6 28.8 11.6 11.819999-99.9-99.9-99.9-99.9-9.9-99-9.9-99-99.99-99-99.9-9.9-9.9
5 358195111 7 20.4 11.5   .009999-99.9-99.9-99.9-99.9-9.9-99-9.9-99-99.99-99-99.9-9.9-9.9
5 358195111 8 24.0  5.5   .009999-99.9-99.9-99.9-99.9-9.9-99-9.9-99-99.99-99-99.9-9.9-9.9
5 358195111 9 29.0 11.1   .009999-99.9-99.9-99.9-99.9-9.9-99-9.9-99-99.99-99-99.9-9.9-9.9
5 35819511110 31.2  7.2   .009999-99.9-99.9-99.9-99.9-9.9-99-9.9-99-99.99-99-99.9-9.9-9.9
5 35819511111 25.9  9.8120.219999-99.9-99.9-99.9-99.9-9.9-99-9.9-99-99.99-99-99.9-9.9-9.9
5 35819511112 26.0 17.7   .009999-99.9-99.9-99.9-99.9-9.9-99-9.9-99-99.99-99-99.9-9.9-9.9
5 35819511113 19.4 12.0  5.519999-99.9-99.9-99.9-99.9-9.9-99-9.9-99-99.99-99-99.9-9.9-9.9
5 35819511114 22.4  9.6 10.019999-99.9-99.9-99.9-99.9-9.9-99-9.9-99-99.99-99-99.9-9.9-9.9
5 35819511115 22.0 13.6   .009999-99.9-99.9-99.9-99.9-9.9-99-9.9-99-99.99-99-99.9-9.9-9.9
5 35819511116 25.3 10.6   .009999-99.9-99.9-99.9-99.9-9.9-99-9.9-99-99.99-99-99.9-9.9-9.9
5 35819511117 29.2  9.8  8.019999-99.9-99.9-99.9-99.9-9.9-99-9.9-99-99.99-99-99.9-9.9-9.9
5 35819511118 30.2 14.2   .009999-99.9-99.9-99.9-99.9-9.9-99-9.9-99-99.99-99-99.9-9.9-9.9
5 35819511119 28.5 17.0   .009999-99.9-99.9-99.9-99.9-9.9-99-9.9-99-99.99-99-99.9-9.9-9.9
5 35819511120 28.3 15.2   .009999-99.9-99.9-99.9-99.9-9.9-99-9.9-99-99.99-99-99.9-9.9-9.9
5 35819511121 26.5 17.0 29.519999-99.9-99.9-99.9-99.9-9.9-99-9.9-99-99.99-99-99.9-9.9-9.9
5 35819511122 22.0 17.0   .219999-99.9-99.9-99.9-99.9-9.9-99-9.9-99-99.99-99-99.9-9.9-9.9
5 35819511123 18.2 10.0   .009999-99.9-99.9-99.9-99.9-9.9-99-9.9-99-99.99-99-99.9-9.9-9.9
5 35819511124 22.0 12.7   .009999-99.9-99.9-99.9-99.9-9.9-99-9.9-99-99.99-99-99.9-9.9-9.9
5 35819511125 22.0  9.0   .009999-99.9-99.9-99.9-99.9-9.9-99-9.9-99-99.99-99-99.9-9.9-9.9
5 35819511126 22.0  8.6  1.519999-99.9-99.9-99.9-99.9-9.9-99-9.9-99-99.99-99-99.9-9.9-9.9
5 35819511127 25.0 13.0   .009999-99.9-99.9-99.9-99.9-9.9-99-9.9-99-99.99-99-99.9-9.9-9.9
5 35819511128 27.0 14.1   .009999-99.9-99.9-99.9-99.9-9.9-99-9.9-99-99.99-99-99.9-9.9-9.9
5 35819511129 29.2 14.2   .009999-99.9-99.9-99.9-99.9-9.9-99-9.9-99-99.99-99-99.9-9.9-9.9
5 35819511130 25.0 14.0   .009999-99.9-99.9-99.9-99.9-9.9-99-9.9-99-99.99-99-99.9-9.9-9.9
5 358195112 1 22.0  9.8   .009999-99.9-99.9-99.9-99.9-9.9-99-9.9-99-99.99-99-99.9-9.9-9.9
5 358195112 2 25.0  9.6   .009999-99.9-99.9-99.9-99.9-9.9-99-9.9-99-99.99-99-99.9-9.9-9.9
5 358195112 3 25.9 15.2  9.719999-99.9-99.9-99.9-99.9-9.9-99-9.9-99-99.99-99-99.9-9.9-9.9
5 358195112 4 24.5 15.2   .009999-99.9-99.9-99.9-99.9-9.9-99-9.9-99-99.99-99-99.9-9.9-9.9
5 358195112 5 26.4  5.8   .009999-99.9-99.9-99.9-99.9-9.9-99-9.9-99-99.99-99-99.9-9.9-9.9
5 358195112 6 27.9 12.8   .009999-99.9-99.9-99.9-99.9-9.9-99-9.9-99-99.99-99-99.9-9.9-9.9
5 358195112 7 29.0 12.5   .009999-99.9-99.9-99.9-99.9-9.9-99-9.9-99-99.99-99-99.9-9.9-9.9
5 358195112 8 31.5  9.8   .009999-99.9-99.9-99.9-99.9-9.9-99-9.9-99-99.99-99-99.9-9.9-9.9
5 358195112 9 32.4 12.2   .009999-99.9-99.9-99.9-99.9-9.9-99-9.9-99-99.99-99-99.9-9.9-9.9
5 35819511210 32.0 18.1 35.419999-99.9-99.9-99.9-99.9-9.9-99-9.9-99-99.99-99-99.9-9.9-9.9
5 35819511211 23.8 14.1   .009999-99.9-99.9-99.9-99.9-9.9-99-9.9-99-99.99-99-99.9-9.9-9.9
5 35819511212 23.2 10.0   .009999-99.9-99.9-99.9-99.9-9.9-99-9.9-99-99.99-99-99.9-9.9-9.9
5 35819511213 25.0 14.4   .009999-99.9-99.9-99.9-99.9-9.9-99-9.9-99-99.99-99-99.9-9.9-9.9
5 35819511214 27.9 14.7   .009999-99.9-99.9-99.9-99.9-9.9-99-9.9-99-99.99-99-99.9-9.9-9.9
5 35819511215 26.0  9.8   .009999-99.9-99.9-99.9-99.9-9.9-99-9.9-99-99.99-99-99.9-9.9-9.9
5 35819511216 27.0 11.8   .009999-99.9-99.9-99.9-99.9-9.9-99-9.9-99-99.99-99-99.9-9.9-9.9
5 35819511217 30.3 17.6   .009999-99.9-99.9-99.9-99.9-9.9-99-9.9-99-99.99-99-99.9-9.9-9.9
5 35819511218 30.9 17.2  1.819999-99.9-99.9-99.9-99.9-9.9-99-9.9-99-99.99-99-99.9-9.9-9.9
5 35819511219 27.0 17.4   .009999-99.9-99.9-99.9-99.9-9.9-99-9.9-99-99.99-99-99.9-9.9-9.9
5 35819511220 24.2 14.9   .009999-99.9-99.9-99.9-99.9-9.9-99-9.9-99-99.99-99-99.9-9.9-9.9
5 35819511221 26.6 12.1   .009999-99.9-99.9-99.9-99.9-9.9-99-9.9-99-99.99-99-99.9-9.9-9.9
5 35819511222 28.5 10.2   .009999-99.9-99.9-99.9-99.9-9.9-99-9.9-99-99.99-99-99.9-9.9-9.9
5 35819511223 32.0  9.6   .009999-99.9-99.9-99.9-99.9-9.9-99-9.9-99-99.99-99-99.9-9.9-9.9
5 35819511224 30.6 17.2   .009999-99.9-99.9-99.9-99.9-9.9-99-9.9-99-99.99-99-99.9-9.9-9.9
5 35819511225 28.0 11.0   .009999-99.9-99.9-99.9-99.9-9.9-99-9.9-99-99.99-99-99.9-9.9-9.9
5 35819511226 27.2 17.2   .009999-99.9-99.9-99.9-99.9-9.9-99-9.9-99-99.99-99-99.9-9.9-9.9
5 35819511227 30.0 16.7   .009999-99.9-99.9-99.9-99.9-9.9-99-9.9-99-99.99-99-99.9-9.9-9.9
5 35819511228 33.1 17.6   .009999-99.9-99.9-99.9-99.9-9.9-99-9.9-99-99.99-99-99.9-9.9-9.9
5 35819511229 30.0 17.2   .009999-99.9-99.9-99.9-99.9-9.9-99-9.9-99-99.99-99-99.9-9.9-9.9
5 35819511230 30.4 16.2   .009999-99.9-99.9-99.9-99.9-9.9-99-9.9-99-99.99-99-99.9-9.9-9.9
5 35819511231 30.9 14.1   .009999-99.9-99.9-99.9-99.9-9.9-99-9.9-99-99.99-99-99.9-9.9-9.9
5 3581952 1 1 33.4 18.2   .009999-99.9-99.9-99.9-99.9-9.9-99-9.9-99-99.99-99-99.9-9.9-9.9
5 3581952 1 2 36.4 20.7   .009999-99.9-99.9-99.9-99.9-9.9-99-9.9-99-99.99-99-99.9-9.9-9.9
5 3581952 1 3 34.2 17.0   .009999-99.9-99.9-99.9-99.9-9.9-99-9.9-99-99.99-99-99.9-9.9-9.9
5 3581952 1 4 32.8 19.2 12.519999-99.9-99.9-99.9-99.9-9.9-99-9.9-99-99.99-99-99.9-9.9-9.9
5 3581952 1 5 26.0 13.4   .009999-99.9-99.9-99.9-99.9-9.9-99-9.9-99-99.99-99-99.9-9.9-9.9
5 3581952 1 6 30.5 13.8   .009999-99.9-99.9-99.9-99.9-9.9-99-9.9-99-99.99-99-99.9-9.9-9.9
5 3581952 1 7 35.2 11.8   .009999-99.9-99.9-99.9-99.9-9.9-99-9.9-99-99.99-99-99.9-9.9-9.9
5 3581952 1 8 36.3 19.8   .009999-99.9-99.9-99.9-99.9-9.9-99-9.9-99-99.99-99-99.9-9.9-9.9
5 3581952 1 9 37.2 21.1 25.519999-99.9-99.9-99.9-99.9-9.9-99-9.9-99-99.99-99-99.9-9.9-9.9
5 3581952 110 31.9 20.3   .009999-99.9-99.9-99.9-99.9-9.9-99-9.9-99-99.99-99-99.9-9.9-9.9
5 3581952 111 25.0 13.3   .009999-99.9-99.9-99.9-99.9-9.9-99-9.9-99-99.99-99-99.9-9.9-9.9
5 3581952 112 24.0 10.1  5.219999-99.9-99.9-99.9-99.9-9.9-99-9.9-99-99.99-99-99.9-9.9-9.9
5 3581952 113 31.6 14.8   .009999-99.9-99.9-99.9-99.9-9.9-99-9.9-99-99.99-99-99.9-9.9-9.9
5 3581952 114 32.8 19.3   .009999-99.9-99.9-99.9-99.9-9.9-99-9.9-99-99.99-99-99.9-9.9-9.9
5 3581952 115 34.2 18.2   .009999-99.9-99.9-99.9-99.9-9.9-99-9.9-99-99.99-99-99.9-9.9-9.9
5 3581952 116 33.0 19.5   .009999-99.9-99.9-99.9-99.9-9.9-99-9.9-99-99.99-99-99.9-9.9-9.9
5 3581952 117 25.6 14.7   .009999-99.9-99.9-99.9-99.9-9.9-99-9.9-99-99.99-99-99.9-9.9-9.9
5 3581952 118-99.9  8.8   .009999-99.9-99.9-99.9-99.9-9.9-99-9.9-99-99.99-99-99.9-9.9-9.9
5 3581952 119 32.6 12.9   .009999-99.9-99.9-99.9-99.9-9.9-99-9.9-99-99.99-99-99.9-9.9-9.9
5 3581952 120 30.9 15.8   .009999-99.9-99.9-99.9-99.9-9.9-99-9.9-99-99.99-99-99.9-9.9-9.9
5 3581952 121 31.0 18.2   .009999-99.9-99.9-99.9-99.9-9.9-99-9.9-99-99.99-99-99.9-9.9-9.9
5 3581952 122 28.0 14.8   .009999-99.9-99.9-99.9-99.9-9.9-99-9.9-99-99.99-99-99.9-9.9-9.9
5 3581952 123 30.6 18.4  4.819999-99.9-99.9-99.9-99.9-9.9-99-9.9-99-99.99-99-99.9-9.9-9.9
5 3581952 124 30.6 21.2  4.619999-99.9-99.9-99.9-99.9-9.9-99-9.9-99-99.99-99-99.9-9.9-9.9
5 3581952 125 29.0 18.4   .009999-99.9-99.9-99.9-99.9-9.9-99-9.9-99-99.99-99-99.9-9.9-9.9
5 3581952 126 26.1 14.8   .009999-99.9-99.9-99.9-99.9-9.9-99-9.9-99-99.99-99-99.9-9.9-9.9
5 3581952 127 36.0 18.2   .009999-99.9-99.9-99.9-99.9-9.9-99-9.9-99-99.99-99-99.9-9.9-9.9
5 3581952 128 37.9 19.3  4.419999-99.9-99.9-99.9-99.9-9.9-99-9.9-99-99.99-99-99.9-9.9-9.9
5 3581952 129 25.6 18.8   .009999-99.9-99.9-99.9-99.9-9.9-99-9.9-99-99.99-99-99.9-9.9-9.9
5 3581952 130 33.0 17.0   .009999-99.9-99.9-99.9-99.9-9.9-99-9.9-99-99.99-99-99.9-9.9-9.9
5 3581952 131 30.0 15.3   .009999-99.9-99.9-99.9-99.9-9.9-99-9.9-99-99.99-99-99.9-9.9-9.9
5 3581952 2 1 27.2 18.9   .009999-99.9-99.9-99.9-99.9-9.9-99-9.9-99-99.99-99-99.9-9.9-9.9
5 3581952 2 2 35.0 15.5   .009999-99.9-99.9-99.9-99.9-9.9-99-9.9-99-99.99-99-99.9-9.9-9.9
5 3581952 2 3 37.4 19.6   .009999-99.9-99.9-99.9-99.9-9.9-99-9.9-99-99.99-99-99.9-9.9-9.9
5 3581952 2 4 32.3 19.0   .009999-99.9-99.9-99.9-99.9-9.9-99-9.9-99-99.99-99-99.9-9.9-9.9
5 3581952 2 5 25.4 16.0   .009999-99.9-99.9-99.9-99.9-9.9-99-9.9-99-99.99-99-99.9-9.9-9.9
5 3581952 2 6 23.4  8.4   .009999-99.9-99.9-99.9-99.9-9.9-99-9.9-99-99.99-99-99.9-9.9-9.9
5 3581952 2 7 30.2  8.4   .009999-99.9-99.9-99.9-99.9-9.9-99-9.9-99-99.99-99-99.9-9.9-9.9
5 3581952 2 8 32.6 14.1   .009999-99.9-99.9-99.9-99.9-9.9-99-9.9-99-99.99-99-99.9-9.9-9.9
5 3581952 2 9 35.8  9.0   .009999-99.9-99.9-99.9-99.9-9.9-99-9.9-99-99.99-99-99.9-9.9-9.9
5 3581952 210 36.0  8.4   .009999-99.9-99.9-99.9-99.9-9.9-99-9.9-99-99.99-99-99.9-9.9-9.9
5 3581952 211 32.0 19.3   .009999-99.9-99.9-99.9-99.9-9.9-99-9.9-99-99.99-99-99.9-9.9-9.9
5 3581952 212 35.8 18.8  9.319999-99.9-99.9-99.9-99.9-9.9-99-9.9-99-99.99-99-99.9-9.9-9.9
5 3581952 213 27.9 17.3   .009999-99.9-99.9-99.9-99.9-9.9-99-9.9-99-99.99-99-99.9-9.9-9.9
5 3581952 214 33.5 11.4   .009999-99.9-99.9-99.9-99.9-9.9-99-9.9-99-99.99-99-99.9-9.9-9.9
5 3581952 215 35.0 16.7   .009999-99.9-99.9-99.9-99.9-9.9-99-9.9-99-99.99-99-99.9-9.9-9.9
5 3581952 216 35.2 12.2   .009999-99.9-99.9-99.9-99.9-9.9-99-9.9-99-99.99-99-99.9-9.9-9.9
5 3581952 217 31.0  9.8   .009999-99.9-99.9-99.9-99.9-9.9-99-9.9-99-99.99-99-99.9-9.9-9.9
5 3581952 218 32.0 18.1   .009999-99.9-99.9-99.9-99.9-9.9-99-9.9-99-99.99-99-99.9-9.9-9.9
5 3581952 219 33.8 16.7   .009999-99.9-99.9-99.9-99.9-9.9-99-9.9-99-99.99-99-99.9-9.9-9.9
5 3581952 220 33.7 17.8   .009999-99.9-99.9-99.9-99.9-9.9-99-9.9-99-99.99-99-99.9-9.9-9.9
5 3581952 221 33.0 17.4   .009999-99.9-99.9-99.9-99.9-9.9-99-9.9-99-99.99-99-99.9-9.9-9.9
5 3581952 222 34.9 16.8   .009999-99.9-99.9-99.9-99.9-9.9-99-9.9-99-99.99-99-99.9-9.9-9.9
5 3581952 223 35.2 14.0   .009999-99.9-99.9-99.9-99.9-9.9-99-9.9-99-99.99-99-99.9-9.9-9.9
5 3581952 224 35.8 18.0   .009999-99.9-99.9-99.9-99.9-9.9-99-9.9-99-99.99-99-99.9-9.9-9.9
5 3581952 225 30.7 16.6   .009999-99.9-99.9-99.9-99.9-9.9-99-9.9-99-99.99-99-99.9-9.9-9.9
5 3581952 226 28.0 13.0   .009999-99.9-99.9-99.9-99.9-9.9-99-9.9-99-99.99-99-99.9-9.9-9.9
5 3581952 227 30.8 11.7   .009999-99.9-99.9-99.9-99.9-9.9-99-9.9-99-99.99-99-99.9-9.9-9.9
5 3581952 228 32.8 17.2   .009999-99.9-99.9-99.9-99.9-9.9-99-9.9-99-99.99-99-99.9-9.9-9.9
5 3581952 229 36.9 17.0   .009999-99.9-99.9-99.9-99.9-9.9-99-9.9-99-99.99-99-99.9-9.9-9.9
5 3581952 3 1 35.2 16.2   .009999-99.9-99.9-99.9-99.9-9.9-99-9.9-99-99.99-99-99.9-9.9-9.9
5 3581952 3 2 35.5 10.7   .009999-99.9-99.9-99.9-99.9-9.9-99-9.9-99-99.99-99-99.9-9.9-9.9
5 3581952 3 3 34.8 20.7   .009999-99.9-99.9-99.9-99.9-9.9-99-9.9-99-99.99-99-99.9-9.9-9.9
5 3581952 3 4 33.8 20.2   .009999-99.9-99.9-99.9-99.9-9.9-99-9.9-99-99.99-99-99.9-9.9-9.9
5 3581952 3 5 34.2 19.3   .009999-99.9-99.9-99.9-99.9-9.9-99-9.9-99-99.99-99-99.9-9.9-9.9
5 3581952 3 6 35.9 18.6   .009999-99.9-99.9-99.9-99.9-9.9-99-9.9-99-99.99-99-99.9-9.9-9.9
5 3581952 3 7 34.8 20.0   .009999-99.9-99.9-99.9-99.9-9.9-99-9.9-99-99.99-99-99.9-9.9-9.9
5 3581952 3 8 34.6 19.2   .009999-99.9-99.9-99.9-99.9-9.9-99-9.9-99-99.99-99-99.9-9.9-9.9
5 3581952 3 9 32.9 20.2   .009999-99.9-99.9-99.9-99.9-9.9-99-9.9-99-99.99-99-99.9-9.9-9.9
5 3581952 310 31.8 22.0   .009999-99.9-99.9-99.9-99.9-9.9-99-9.9-99-99.99-99-99.9-9.9-9.9
5 3581952 311 29.2 19.0   .009999-99.9-99.9-99.9-99.9-9.9-99-9.9-99-99.99-99-99.9-9.9-9.9
5 3581952 312 34.5 16.6   .009999-99.9-99.9-99.9-99.9-9.9-99-9.9-99-99.99-99-99.9-9.9-9.9
5 3581952 313 28.5 21.1  2.719999-99.9-99.9-99.9-99.9-9.9-99-9.9-99-99.99-99-99.9-9.9-9.9
5 3581952 314 26.8 16.0   .009999-99.9-99.9-99.9-99.9-9.9-99-9.9-99-99.99-99-99.9-9.9-9.9
5 3581952 315 37.0 19.2   .009999-99.9-99.9-99.9-99.9-9.9-99-9.9-99-99.99-99-99.9-9.9-9.9
5 3581952 316 36.0 18.2   .009999-99.9-99.9-99.9-99.9-9.9-99-9.9-99-99.99-99-99.9-9.9-9.9
5 3581952 317 27.8 22.6  1.719999-99.9-99.9-99.9-99.9-9.9-99-9.9-99-99.99-99-99.9-9.9-9.9
5 3581952 318 23.0 17.0 33.219999-99.9-99.9-99.9-99.9-9.9-99-9.9-99-99.99-99-99.9-9.9-9.9
5 3581952 319 27.2 13.8   .009999-99.9-99.9-99.9-99.9-9.9-99-9.9-99-99.99-99-99.9-9.9-9.9
5 3581952 320 26.0 21.2 96.019999-99.9-99.9-99.9-99.9-9.9-99-9.9-99-99.99-99-99.9-9.9-9.9
5 3581952 321 23.6 13.8   .009999-99.9-99.9-99.9-99.9-9.9-99-9.9-99-99.99-99-99.9-9.9-9.9
5 3581952 322 26.8 19.8   .009999-99.9-99.9-99.9-99.9-9.9-99-9.9-99-99.99-99-99.9-9.9-9.9
5 3581952 323 28.0 21.1   .009999-99.9-99.9-99.9-99.9-9.9-99-9.9-99-99.99-99-99.9-9.9-9.9
5 3581952 324 27.0 19.0   .009999-99.9-99.9-99.9-99.9-9.9-99-9.9-99-99.99-99-99.9-9.9-9.9
5 3581952 325 24.0 16.4   .009999-99.9-99.9-99.9-99.9-9.9-99-9.9-99-99.99-99-99.9-9.9-9.9
5 3581952 326 19.6 11.2 22.919999-99.9-99.9-99.9-99.9-9.9-99-9.9-99-99.99-99-99.9-9.9-9.9
5 3581952 327 22.3 10.2 15.019999-99.9-99.9-99.9-99.9-9.9-99-9.9-99-99.99-99-99.9-9.9-9.9
5 3581952 328 22.0 13.8   .009999-99.9-99.9-99.9-99.9-9.9-99-9.9-99-99.99-99-99.9-9.9-9.9
5 3581952 329 21.0 12.8  6.819999-99.9-99.9-99.9-99.9-9.9-99-9.9-99-99.99-99-99.9-9.9-9.9
5 3581952 330 18.6 10.7  2.519999-99.9-99.9-99.9-99.9-9.9-99-9.9-99-99.99-99-99.9-9.9-9.9
5 3581952 331 19.0  9.8   .009999-99.9-99.9-99.9-99.9-9.9-99-9.9-99-99.99-99-99.9-9.9-9.9
5 3581952 4 1 20.0  5.6   .009999-99.9-99.9-99.9-99.9-9.9-99-9.9-99-99.99-99-99.9-9.9-9.9
5 3581952 4 2 17.0  9.0   .009999-99.9-99.9-99.9-99.9-9.9-99-9.9-99-99.99-99-99.9-9.9-9.9
5 3581952 4 3 25.0  7.4   .009999-99.9-99.9-99.9-99.9-9.9-99-9.9-99-99.99-99-99.9-9.9-9.9
5 3581952 4 4 25.5  9.8   .009999-99.9-99.9-99.9-99.9-9.9-99-9.9-99-99.99-99-99.9-9.9-9.9
5 3581952 4 5 21.8  9.6   .009999-99.9-99.9-99.9-99.9-9.9-99-9.9-99-99.99-99-99.9-9.9-9.9
5 3581952 4 6 22.8  6.8   .009999-99.9-99.9-99.9-99.9-9.9-99-9.9-99-99.99-99-99.9-9.9-9.9
5 3581952 4 7 24.8 11.0   .009999-99.9-99.9-99.9-99.9-9.9-99-9.9-99-99.99-99-99.9-9.9-9.9
5 3581952 4 8 28.6  9.0   .009999-99.9-99.9-99.9-99.9-9.9-99-9.9-99-99.99-99-99.9-9.9-9.9
5 3581952 4 9 28.0 15.9  1.319999-99.9-99.9-99.9-99.9-9.9-99-9.9-99-99.99-99-99.9-9.9-9.9
5 3581952 410 21.2 17.3 20.019999-99.9-99.9-99.9-99.9-9.9-99-9.9-99-99.99-99-99.9-9.9-9.9
5 3581952 411 22.8  9.8   .009999-99.9-99.9-99.9-99.9-9.9-99-9.9-99-99.99-99-99.9-9.9-9.9
5 3581952 412 26.4  4.8   .009999-99.9-99.9-99.9-99.9-9.9-99-9.9-99-99.99-99-99.9-9.9-9.9
5 3581952 413 24.0  7.8   .009999-99.9-99.9-99.9-99.9-9.9-99-9.9-99-99.99-99-99.9-9.9-9.9
5 3581952 414 29.0 11.3   .009999-99.9-99.9-99.9-99.9-9.9-99-9.9-99-99.99-99-99.9-9.9-9.9
5 3581952 415 29.0 17.1   .009999-99.9-99.9-99.9-99.9-9.9-99-9.9-99-99.99-99-99.9-9.9-9.9
5 3581952 416 26.0 15.5   .009999-99.9-99.9-99.9-99.9-9.9-99-9.9-99-99.99-99-99.9-9.9-9.9
5 3581952 417 24.0 10.9   .009999-99.9-99.9-99.9-99.9-9.9-99-9.9-99-99.99-99-99.9-9.9-9.9
5 3581952 418 27.5 13.5   .009999-99.9-99.9-99.9-99.9-9.9-99-9.9-99-99.99-99-99.9-9.9-9.9
5 3581952 419 19.0  7.8   .009999-99.9-99.9-99.9-99.9-9.9-99-9.9-99-99.99-99-99.9-9.9-9.9
5 3581952 420 16.8 12.8   .009999-99.9-99.9-99.9-99.9-9.9-99-9.9-99-99.99-99-99.9-9.9-9.9
5 3581952 421 21.0  5.4   .009999-99.9-99.9-99.9-99.9-9.9-99-9.9-99-99.99-99-99.9-9.9-9.9
5 3581952 422 16.0  5.4   .009999-99.9-99.9-99.9-99.9-9.9-99-9.9-99-99.99-99-99.9-9.9-9.9
5 3581952 423 13.0  2.3   .009999-99.9-99.9-99.9-99.9-9.9-99-9.9-99-99.99-99-99.9-9.9-9.9
5 3581952 424 15.0 -1.8   .009999-99.9-99.9-99.9-99.9-9.9-99-9.9-99-99.99-99-99.9-9.9-9.9
5 3581952 425 17.0  6.6   .009999-99.9-99.9-99.9-99.9-9.9-99-9.9-99-99.99-99-99.9-9.9-9.9
5 3581952 426 20.0  4.8   .009999-99.9-99.9-99.9-99.9-9.9-99-9.9-99-99.99-99-99.9-9.9-9.9
5 3581952 427 18.0  3.8   .009999-99.9-99.9-99.9-99.9-9.9-99-9.9-99-99.99-99-99.9-9.9-9.9
5 3581952 428 18.8  2.4   .009999-99.9-99.9-99.9-99.9-9.9-99-9.9-99-99.99-99-99.9-9.9-9.9
5 3581952 429 19.5  4.0   .009999-99.9-99.9-99.9-99.9-9.9-99-9.9-99-99.99-99-99.9-9.9-9.9
5 3581952 430 22.0  5.1   .009999-99.9-99.9-99.9-99.9-9.9-99-9.9-99-99.99-99-99.9-9.9-9.9
5 3581952 5 1 22.6 11.8   .009999-99.9-99.9-99.9-99.9-9.9-99-9.9-99-99.99-99-99.9-9.9-9.9
5 3581952 5 2 22.6  4.4   .009999-99.9-99.9-99.9-99.9-9.9-99-9.9-99-99.99-99-99.9-9.9-9.9
5 3581952 5 3 21.3  7.8   .009999-99.9-99.9-99.9-99.9-9.9-99-9.9-99-99.99-99-99.9-9.9-9.9
5 3581952 5 4 21.0  3.8   .009999-99.9-99.9-99.9-99.9-9.9-99-9.9-99-99.99-99-99.9-9.9-9.9
5 3581952 5 5 20.0  4.1   .009999-99.9-99.9-99.9-99.9-9.9-99-9.9-99-99.99-99-99.9-9.9-9.9
5 3581952 5 6 22.0  9.1   .009999-99.9-99.9-99.9-99.9-9.9-99-9.9-99-99.99-99-99.9-9.9-9.9
5 3581952 5 7 21.9 11.7   .009999-99.9-99.9-99.9-99.9-9.9-99-9.9-99-99.99-99-99.9-9.9-9.9
5 3581952 5 8 24.3  7.7   .009999-99.9-99.9-99.9-99.9-9.9-99-9.9-99-99.99-99-99.9-9.9-9.9
5 3581952 5 9 22.3  8.0   .009999-99.9-99.9-99.9-99.9-9.9-99-9.9-99-99.99-99-99.9-9.9-9.9
5 3581952 510 26.8 12.2 16.319999-99.9-99.9-99.9-99.9-9.9-99-9.9-99-99.99-99-99.9-9.9-9.9
5 3581952 511 21.8  9.8   .009999-99.9-99.9-99.9-99.9-9.9-99-9.9-99-99.99-99-99.9-9.9-9.9
5 3581952 512 24.4 10.8 22.219999-99.9-99.9-99.9-99.9-9.9-99-9.9-99-99.99-99-99.9-9.9-9.9
5 3581952 513 23.2 13.6   .009999-99.9-99.9-99.9-99.9-9.9-99-9.9-99-99.99-99-99.9-9.9-9.9
5 3581952 514 20.0 13.8 16.019999-99.9-99.9-99.9-99.9-9.9-99-9.9-99-99.99-99-99.9-9.9-9.9
5 3581952 515 23.4 11.0 32.219999-99.9-99.9-99.9-99.9-9.9-99-9.9-99-99.99-99-99.9-9.9-9.9
5 3581952 516 19.6 12.5   .009999-99.9-99.9-99.9-99.9-9.9-99-9.9-99-99.99-99-99.9-9.9-9.9
5 3581952 517 21.0  7.8   .009999-99.9-99.9-99.9-99.9-9.9-99-9.9-99-99.99-99-99.9-9.9-9.9
5 3581952 518 21.6  8.8  7.219999-99.9-99.9-99.9-99.9-9.9-99-9.9-99-99.99-99-99.9-9.9-9.9
5 3581952 519 26.0 17.6 21.019999-99.9-99.9-99.9-99.9-9.9-99-9.9-99-99.99-99-99.9-9.9-9.9
5 3581952 520 20.2 14.0  2.419999-99.9-99.9-99.9-99.9-9.9-99-9.9-99-99.99-99-99.9-9.9-9.9
5 3581952 521 10.5  6.4   .009999-99.9-99.9-99.9-99.9-9.9-99-9.9-99-99.99-99-99.9-9.9-9.9
5 3581952 522 13.8  6.0   .009999-99.9-99.9-99.9-99.9-9.9-99-9.9-99-99.99-99-99.9-9.9-9.9
5 3581952 523 15.0  2.8   .009999-99.9-99.9-99.9-99.9-9.9-99-9.9-99-99.99-99-99.9-9.9-9.9
5 3581952 524 18.8  3.3   .009999-99.9-99.9-99.9-99.9-9.9-99-9.9-99-99.99-99-99.9-9.9-9.9
5 3581952 525 21.0  6.2   .009999-99.9-99.9-99.9-99.9-9.9-99-9.9-99-99.99-99-99.9-9.9-9.9
5 3581952 526 18.6  7.8   .009999-99.9-99.9-99.9-99.9-9.9-99-9.9-99-99.99-99-99.9-9.9-9.9
5 3581952 527 16.6 12.2  1.519999-99.9-99.9-99.9-99.9-9.9-99-9.9-99-99.99-99-99.9-9.9-9.9
5 3581952 528 15.6 11.6   .009999-99.9-99.9-99.9-99.9-9.9-99-9.9-99-99.99-99-99.9-9.9-9.9
5 3581952 529 16.8 12.5   .819999-99.9-99.9-99.9-99.9-9.9-99-9.9-99-99.99-99-99.9-9.9-9.9
5 3581952 530 15.8  6.1 10.419999-99.9-99.9-99.9-99.9-9.9-99-9.9-99-99.99-99-99.9-9.9-9.9
5 3581952 531 11.0  1.8   .009999-99.9-99.9-99.9-99.9-9.9-99-9.9-99-99.99-99-99.9-9.9-9.9
5 3581952 6 1 15.5  2.8 43.619999-99.9-99.9-99.9-99.9-9.9-99-9.9-99-99.99-99-99.9-9.9-9.9
5 3581952 6 2 15.7 11.2  9.819999-99.9-99.9-99.9-99.9-9.9-99-9.9-99-99.99-99-99.9-9.9-9.9
5 3581952 6 3 12.4  4.5   .009999-99.9-99.9-99.9-99.9-9.9-99-9.9-99-99.99-99-99.9-9.9-9.9
5 3581952 6 4 15.8  2.8   .009999-99.9-99.9-99.9-99.9-9.9-99-9.9-99-99.99-99-99.9-9.9-9.9
5 3581952 6 5 17.8  -.5   .009999-99.9-99.9-99.9-99.9-9.9-99-9.9-99-99.99-99-99.9-9.9-9.9
5 3581952 6 6 16.0  4.1   .009999-99.9-99.9-99.9-99.9-9.9-99-9.9-99-99.99-99-99.9-9.9-9.9
5 3581952 6 7 12.2  1.8   .009999-99.9-99.9-99.9-99.9-9.9-99-9.9-99-99.99-99-99.9-9.9-9.9
5 3581952 6 8  8.8  1.6   .009999-99.9-99.9-99.9-99.9-9.9-99-9.9-99-99.99-99-99.9-9.9-9.9
5 3581952 6 9 11.0 -1.4   .009999-99.9-99.9-99.9-99.9-9.9-99-9.9-99-99.99-99-99.9-9.9-9.9
5 3581952 610 13.6  4.1   .009999-99.9-99.9-99.9-99.9-9.9-99-9.9-99-99.99-99-99.9-9.9-9.9
5 3581952 611 11.9  2.0   .009999-99.9-99.9-99.9-99.9-9.9-99-9.9-99-99.99-99-99.9-9.9-9.9
5 3581952 612 12.8  2.3   .009999-99.9-99.9-99.9-99.9-9.9-99-9.9-99-99.99-99-99.9-9.9-9.9
5 3581952 613 11.7  4.2   .009999-99.9-99.9-99.9-99.9-9.9-99-9.9-99-99.99-99-99.9-9.9-9.9
5 3581952 614 12.8  -.3   .009999-99.9-99.9-99.9-99.9-9.9-99-9.9-99-99.99-99-99.9-9.9-9.9
5 3581952 615 11.0  1.8 19.119999-99.9-99.9-99.9-99.9-9.9-99-9.9-99-99.99-99-99.9-9.9-9.9
5 3581952 616  9.2  6.2 11.019999-99.9-99.9-99.9-99.9-9.9-99-9.9-99-99.99-99-99.9-9.9-9.9
5 3581952 617 11.8  5.4 18.119999-99.9-99.9-99.9-99.9-9.9-99-9.9-99-99.99-99-99.9-9.9-9.9
5 3581952 618 13.8  8.0   .009999-99.9-99.9-99.9-99.9-9.9-99-9.9-99-99.99-99-99.9-9.9-9.9
5 3581952 619 15.0 -1.0   .009999-99.9-99.9-99.9-99.9-9.9-99-9.9-99-99.99-99-99.9-9.9-9.9
5 3581952 620 13.8 -1.1   .009999-99.9-99.9-99.9-99.9-9.9-99-9.9-99-99.99-99-99.9-9.9-9.9
5 3581952 621 15.6  1.8   .009999-99.9-99.9-99.9-99.9-9.9-99-9.9-99-99.99-99-99.9-9.9-9.9
5 3581952 622 17.5  1.8   .009999-99.9-99.9-99.9-99.9-9.9-99-9.9-99-99.99-99-99.9-9.9-9.9
5 3581952 623 17.6  1.0   .009999-99.9-99.9-99.9-99.9-9.9-99-9.9-99-99.99-99-99.9-9.9-9.9
5 3581952 624 11.4  6.8 21.619999-99.9-99.9-99.9-99.9-9.9-99-9.9-99-99.99-99-99.9-9.9-9.9
5 3581952 625 11.9  4.5   .009999-99.9-99.9-99.9-99.9-9.9-99-9.9-99-99.99-99-99.9-9.9-9.9
5 3581952 626 16.2  7.6   .009999-99.9-99.9-99.9-99.9-9.9-99-9.9-99-99.99-99-99.9-9.9-9.9
5 3581952 627 12.8  3.0   .009999-99.9-99.9-99.9-99.9-9.9-99-9.9-99-99.99-99-99.9-9.9-9.9
5 3581952 628 14.8 -1.5   .009999-99.9-99.9-99.9-99.9-9.9-99-9.9-99-99.99-99-99.9-9.9-9.9
5 3581952 629 16.2 -1.2   .009999-99.9-99.9-99.9-99.9-9.9-99-9.9-99-99.99-99-99.9-9.9-9.9
5 3581952 630 12.9   .0   .009999-99.9-99.9-99.9-99.9-9.9-99-9.9-99-99.99-99-99.9-9.9-9.9
5 3581952 7 1 10.4  -.9  8.619999-99.9-99.9-99.9-99.9-9.9-99-9.9-99-99.99-99-99.9-9.9-9.9
5 3581952 7 2 11.5  7.0 26.019999-99.9-99.9-99.9-99.9-9.9-99-9.9-99-99.99-99-99.9-9.9-9.9
5 3581952 7 3 11.7  8.8   .009999-99.9-99.9-99.9-99.9-9.9-99-9.9-99-99.99-99-99.9-9.9-9.9
5 3581952 7 4 10.0  5.5   .009999-99.9-99.9-99.9-99.9-9.9-99-9.9-99-99.99-99-99.9-9.9-9.9
5 3581952 7 5 16.8  3.8   .009999-99.9-99.9-99.9-99.9-9.9-99-9.9-99-99.99-99-99.9-9.9-9.9
5 3581952 7 6 23.0  2.8   .009999-99.9-99.9-99.9-99.9-9.9-99-9.9-99-99.99-99-99.9-9.9-9.9
5 3581952 7 7 23.0 12.5   .009999-99.9-99.9-99.9-99.9-9.9-99-9.9-99-99.99-99-99.9-9.9-9.9
5 3581952 7 8 25.0  9.3   .009999-99.9-99.9-99.9-99.9-9.9-99-9.9-99-99.99-99-99.9-9.9-9.9
5 3581952 7 9 24.5 15.8   .009999-99.9-99.9-99.9-99.9-9.9-99-9.9-99-99.99-99-99.9-9.9-9.9
5 3581952 710 17.0 12.0   .009999-99.9-99.9-99.9-99.9-9.9-99-9.9-99-99.99-99-99.9-9.9-9.9
5 3581952 711 13.1  4.1   .009999-99.9-99.9-99.9-99.9-9.9-99-9.9-99-99.99-99-99.9-9.9-9.9
5 3581952 712 12.3  2.8   .009999-99.9-99.9-99.9-99.9-9.9-99-9.9-99-99.99-99-99.9-9.9-9.9
5 3581952 713 12.7  1.8   .009999-99.9-99.9-99.9-99.9-9.9-99-9.9-99-99.99-99-99.9-9.9-9.9
5 3581952 714 18.7  -.6   .009999-99.9-99.9-99.9-99.9-9.9-99-9.9-99-99.99-99-99.9-9.9-9.9
5 3581952 715 18.9  6.4   .009999-99.9-99.9-99.9-99.9-9.9-99-9.9-99-99.99-99-99.9-9.9-9.9
5 3581952 716 20.5  7.6   .009999-99.9-99.9-99.9-99.9-9.9-99-9.9-99-99.99-99-99.9-9.9-9.9
5 3581952 717 16.5  5.8   .009999-99.9-99.9-99.9-99.9-9.9-99-9.9-99-99.99-99-99.9-9.9-9.9
5 3581952 718 15.3  -.7   .009999-99.9-99.9-99.9-99.9-9.9-99-9.9-99-99.99-99-99.9-9.9-9.9
5 3581952 719 14.8  2.8   .009999-99.9-99.9-99.9-99.9-9.9-99-9.9-99-99.99-99-99.9-9.9-9.9
5 3581952 720 14.8  4.8   .009999-99.9-99.9-99.9-99.9-9.9-99-9.9-99-99.99-99-99.9-9.9-9.9
5 3581952 721 12.7  1.3   .009999-99.9-99.9-99.9-99.9-9.9-99-9.9-99-99.99-99-99.9-9.9-9.9
5 3581952 722 10.9  -.2   .009999-99.9-99.9-99.9-99.9-9.9-99-9.9-99-99.99-99-99.9-9.9-9.9
5 3581952 723 16.2 -2.9   .009999-99.9-99.9-99.9-99.9-9.9-99-9.9-99-99.99-99-99.9-9.9-9.9
5 3581952 724 16.6  5.0   .009999-99.9-99.9-99.9-99.9-9.9-99-9.9-99-99.99-99-99.9-9.9-9.9
5 3581952 725 15.9  1.0   .009999-99.9-99.9-99.9-99.9-9.9-99-9.9-99-99.99-99-99.9-9.9-9.9
5 3581952 726 16.8  7.2   .009999-99.9-99.9-99.9-99.9-9.9-99-9.9-99-99.99-99-99.9-9.9-9.9
5 3581952 727 24.8  5.8   .009999-99.9-99.9-99.9-99.9-9.9-99-9.9-99-99.99-99-99.9-9.9-9.9
5 3581952 728 23.0  7.8 28.219999-99.9-99.9-99.9-99.9-9.9-99-9.9-99-99.99-99-99.9-9.9-9.9
5 3581952 729 14.9  7.0   .219999-99.9-99.9-99.9-99.9-9.9-99-9.9-99-99.99-99-99.9-9.9-9.9
5 3581952 730 12.9  9.5  5.619999-99.9-99.9-99.9-99.9-9.9-99-9.9-99-99.99-99-99.9-9.9-9.9
5 3581952 731 13.9 10.0   .009999-99.9-99.9-99.9-99.9-9.9-99-9.9-99-99.99-99-99.9-9.9-9.9
5 3581952 8 1 14.4  9.5   .009999-99.9-99.9-99.9-99.9-9.9-99-9.9-99-99.99-99-99.9-9.9-9.9
5 3581952 8 2 13.7 -1.7   .009999-99.9-99.9-99.9-99.9-9.9-99-9.9-99-99.99-99-99.9-9.9-9.9
5 3581952 8 3 13.5 -3.2   .009999-99.9-99.9-99.9-99.9-9.9-99-9.9-99-99.99-99-99.9-9.9-9.9
5 3581952 8 4 15.8  -.4   .009999-99.9-99.9-99.9-99.9-9.9-99-9.9-99-99.99-99-99.9-9.9-9.9
5 3581952 8 5 18.6  2.1   .009999-99.9-99.9-99.9-99.9-9.9-99-9.9-99-99.99-99-99.9-9.9-9.9
5 3581952 8 6 19.6  3.5   .009999-99.9-99.9-99.9-99.9-9.9-99-9.9-99-99.99-99-99.9-9.9-9.9
5 3581952 8 7 14.9  1.5   .009999-99.9-99.9-99.9-99.9-9.9-99-9.9-99-99.99-99-99.9-9.9-9.9
5 3581952 8 8 18.6  3.6   .009999-99.9-99.9-99.9-99.9-9.9-99-9.9-99-99.99-99-99.9-9.9-9.9
5 3581952 8 9 15.9  3.8   .009999-99.9-99.9-99.9-99.9-9.9-99-9.9-99-99.99-99-99.9-9.9-9.9
5 3581952 810 18.7  2.8   .009999-99.9-99.9-99.9-99.9-9.9-99-9.9-99-99.99-99-99.9-9.9-9.9
5 3581952 811 14.5  2.4   .009999-99.9-99.9-99.9-99.9-9.9-99-9.9-99-99.99-99-99.9-9.9-9.9
5 3581952 812 15.8 -1.4   .009999-99.9-99.9-99.9-99.9-9.9-99-9.9-99-99.99-99-99.9-9.9-9.9
5 3581952 813 19.6   .3   .009999-99.9-99.9-99.9-99.9-9.9-99-9.9-99-99.99-99-99.9-9.9-9.9
5 3581952 814 19.6 11.6   .009999-99.9-99.9-99.9-99.9-9.9-99-9.9-99-99.99-99-99.9-9.9-9.9
5 3581952 815 18.6   .8 12.319999-99.9-99.9-99.9-99.9-9.9-99-9.9-99-99.99-99-99.9-9.9-9.9
5 3581952 816 17.8 13.0   .009999-99.9-99.9-99.9-99.9-9.9-99-9.9-99-99.99-99-99.9-9.9-9.9
5 3581952 817 17.2  -.7   .009999-99.9-99.9-99.9-99.9-9.9-99-9.9-99-99.99-99-99.9-9.9-9.9
5 3581952 818 15.4  -.5   .009999-99.9-99.9-99.9-99.9-9.9-99-9.9-99-99.99-99-99.9-9.9-9.9
5 3581952 819 15.4  7.2   .009999-99.9-99.9-99.9-99.9-9.9-99-9.9-99-99.99-99-99.9-9.9-9.9
5 3581952 820 19.6  5.2   .009999-99.9-99.9-99.9-99.9-9.9-99-9.9-99-99.99-99-99.9-9.9-9.9
5 3581952 821 22.6 13.0   .009999-99.9-99.9-99.9-99.9-9.9-99-9.9-99-99.99-99-99.9-9.9-9.9
5 3581952 822 22.4 15.6   .009999-99.9-99.9-99.9-99.9-9.9-99-9.9-99-99.99-99-99.9-9.9-9.9
5 3581952 823 21.3 16.1 37.519999-99.9-99.9-99.9-99.9-9.9-99-9.9-99-99.99-99-99.9-9.9-9.9
5 3581952 824 12.0  9.6   .009999-99.9-99.9-99.9-99.9-9.9-99-9.9-99-99.99-99-99.9-9.9-9.9
5 3581952 825 12.8  5.5   .009999-99.9-99.9-99.9-99.9-9.9-99-9.9-99-99.99-99-99.9-9.9-9.9
5 3581952 826 16.4  -.7   .009999-99.9-99.9-99.9-99.9-9.9-99-9.9-99-99.99-99-99.9-9.9-9.9
5 3581952 827 22.9  5.5   .009999-99.9-99.9-99.9-99.9-9.9-99-9.9-99-99.99-99-99.9-9.9-9.9
5 3581952 828 23.6  5.5   .009999-99.9-99.9-99.9-99.9-9.9-99-9.9-99-99.99-99-99.9-9.9-9.9
5 3581952 829 21.0  9.2   .009999-99.9-99.9-99.9-99.9-9.9-99-9.9-99-99.99-99-99.9-9.9-9.9
5 3581952 830 23.0  7.8 27.219999-99.9-99.9-99.9-99.9-9.9-99-9.9-99-99.99-99-99.9-9.9-9.9
5 3581952 831 12.8  6.0   .009999-99.9-99.9-99.9-99.9-9.9-99-9.9-99-99.99-99-99.9-9.9-9.9
5 3581952 9 1 15.0  1.8   .009999-99.9-99.9-99.9-99.9-9.9-99-9.9-99-99.99-99-99.9-9.9-9.9
5 3581952 9 2 16.2  3.5   .009999-99.9-99.9-99.9-99.9-9.9-99-9.9-99-99.99-99-99.9-9.9-9.9
5 3581952 9 3 15.9  9.2 15.419999-99.9-99.9-99.9-99.9-9.9-99-9.9-99-99.99-99-99.9-9.9-9.9
5 3581952 9 4 18.6  9.8   .009999-99.9-99.9-99.9-99.9-9.9-99-9.9-99-99.99-99-99.9-9.9-9.9
5 3581952 9 5 16.8  3.3   .009999-99.9-99.9-99.9-99.9-9.9-99-9.9-99-99.99-99-99.9-9.9-9.9
5 3581952 9 6 21.8  3.8   .009999-99.9-99.9-99.9-99.9-9.9-99-9.9-99-99.99-99-99.9-9.9-9.9
5 3581952 9 7 26.2  5.6   .009999-99.9-99.9-99.9-99.9-9.9-99-9.9-99-99.99-99-99.9-9.9-9.9
5 3581952 9 8 13.0  4.3   .009999-99.9-99.9-99.9-99.9-9.9-99-9.9-99-99.99-99-99.9-9.9-9.9
5 3581952 9 9 15.2 -2.4   .009999-99.9-99.9-99.9-99.9-9.9-99-9.9-99-99.99-99-99.9-9.9-9.9
5 3581952 910 18.8  1.9   .009999-99.9-99.9-99.9-99.9-9.9-99-9.9-99-99.99-99-99.9-9.9-9.9
5 3581952 911 21.3  6.3   .009999-99.9-99.9-99.9-99.9-9.9-99-9.9-99-99.99-99-99.9-9.9-9.9
5 3581952 912 18.6  1.6   .009999-99.9-99.9-99.9-99.9-9.9-99-9.9-99-99.99-99-99.9-9.9-9.9
5 3581952 913 17.2  4.3   .009999-99.9-99.9-99.9-99.9-9.9-99-9.9-99-99.99-99-99.9-9.9-9.9
5 3581952 914 16.8  2.8  3.219999-99.9-99.9-99.9-99.9-9.9-99-9.9-99-99.99-99-99.9-9.9-9.9
5 3581952 915 15.2 10.0   .009999-99.9-99.9-99.9-99.9-9.9-99-9.9-99-99.99-99-99.9-9.9-9.9
5 3581952 916 21.5  7.4   .009999-99.9-99.9-99.9-99.9-9.9-99-9.9-99-99.99-99-99.9-9.9-9.9
5 3581952 917 18.4 10.2  3.019999-99.9-99.9-99.9-99.9-9.9-99-9.9-99-99.99-99-99.9-9.9-9.9
5 3581952 918 14.9  8.4  1.119999-99.9-99.9-99.9-99.9-9.9-99-9.9-99-99.99-99-99.9-9.9-9.9
5 3581952 919 13.9  8.0  1.319999-99.9-99.9-99.9-99.9-9.9-99-9.9-99-99.99-99-99.9-9.9-9.9
5 3581952 920 17.0  8.8   .919999-99.9-99.9-99.9-99.9-9.9-99-9.9-99-99.99-99-99.9-9.9-9.9
5 3581952 921 17.8  6.8   .319999-99.9-99.9-99.9-99.9-9.9-99-9.9-99-99.99-99-99.9-9.9-9.9
5 3581952 922 18.8  1.1   .009999-99.9-99.9-99.9-99.9-9.9-99-9.9-99-99.99-99-99.9-9.9-9.9
5 3581952 923 20.4  5.0   .009999-99.9-99.9-99.9-99.9-9.9-99-9.9-99-99.99-99-99.9-9.9-9.9
5 3581952 924 25.0  8.1   .009999-99.9-99.9-99.9-99.9-9.9-99-9.9-99-99.99-99-99.9-9.9-9.9
5 3581952 925 26.4  9.0   .009999-99.9-99.9-99.9-99.9-9.9-99-9.9-99-99.99-99-99.9-9.9-9.9
5 3581952 926 28.6  8.4   .219999-99.9-99.9-99.9-99.9-9.9-99-9.9-99-99.99-99-99.9-9.9-9.9
5 3581952 927 20.0  6.6   .419999-99.9-99.9-99.9-99.9-9.9-99-9.9-99-99.99-99-99.9-9.9-9.9
5 3581952 928 27.4  3.8   .009999-99.9-99.9-99.9-99.9-9.9-99-9.9-99-99.99-99-99.9-9.9-9.9
5 3581952 929 27.6 12.0 11.019999-99.9-99.9-99.9-99.9-9.9-99-9.9-99-99.99-99-99.9-9.9-9.9
5 3581952 930 21.6 15.1  1.819999-99.9-99.9-99.9-99.9-9.9-99-9.9-99-99.99-99-99.9-9.9-9.9
5 358195210 1 17.6 10.4   .009999-99.9-99.9-99.9-99.9-9.9-99-9.9-99-99.99-99-99.9-9.9-9.9
5 358195210 2 19.9  3.9   .009999-99.9-99.9-99.9-99.9-9.9-99-9.9-99-99.99-99-99.9-9.9-9.9
5 358195210 3 27.2  7.1   .009999-99.9-99.9-99.9-99.9-9.9-99-9.9-99-99.99-99-99.9-9.9-9.9
5 358195210 4 25.7  3.8   .009999-99.9-99.9-99.9-99.9-9.9-99-9.9-99-99.99-99-99.9-9.9-9.9
5 358195210 5 19.4  4.8 23.519999-99.9-99.9-99.9-99.9-9.9-99-9.9-99-99.99-99-99.9-9.9-9.9
5 358195210 6 22.4 13.2   .009999-99.9-99.9-99.9-99.9-9.9-99-9.9-99-99.99-99-99.9-9.9-9.9
5 358195210 7 22.9  5.8  1.819999-99.9-99.9-99.9-99.9-9.9-99-9.9-99-99.99-99-99.9-9.9-9.9
5 358195210 8 21.8 11.4   .009999-99.9-99.9-99.9-99.9-9.9-99-9.9-99-99.99-99-99.9-9.9-9.9
5 358195210 9 24.0  8.0   .009999-99.9-99.9-99.9-99.9-9.9-99-9.9-99-99.99-99-99.9-9.9-9.9
5 35819521010 21.8  9.3   .009999-99.9-99.9-99.9-99.9-9.9-99-9.9-99-99.99-99-99.9-9.9-9.9
5 35819521011 15.9  4.4   .009999-99.9-99.9-99.9-99.9-9.9-99-9.9-99-99.99-99-99.9-9.9-9.9
5 35819521012 18.3   .8   .009999-99.9-99.9-99.9-99.9-9.9-99-9.9-99-99.99-99-99.9-9.9-9.9
5 35819521013 17.9  8.4   .009999-99.9-99.9-99.9-99.9-9.9-99-9.9-99-99.99-99-99.9-9.9-9.9
5 35819521014 17.9  7.2   .009999-99.9-99.9-99.9-99.9-9.9-99-9.9-99-99.99-99-99.9-9.9-9.9
5 35819521015 20.6  2.9   .009999-99.9-99.9-99.9-99.9-9.9-99-9.9-99-99.99-99-99.9-9.9-9.9
5 35819521016 21.9  8.8   .009999-99.9-99.9-99.9-99.9-9.9-99-9.9-99-99.99-99-99.9-9.9-9.9
